1.7394
1.7817
1.822
1.8532
1.8791
1.9092
1.9268
1.9445
1.9721
1.9876
2.0083
2.0341
2.067
2.0992
2.1193
2.1483
2.1754
2.2126
2.2424
2.2672
2.2882
2.299
2.3301
2.3595
2.3865
2.4216
2.447
2.4729
2.4945
2.5187
2.5318
2.5595
2.5696
2.5927
2.6231
2.6409
2.6705
2.6858
2.6944
2.7212
2.7409
2.7689
2.7873
2.7988
2.8003
2.8202
2.832
2.8475
2.8517
2.878
2.875
2.9027
2.911
2.9318
2.9406
2.9515
2.9683
2.99
3.0056
3.0069
3.0161
3.0407
3.0476
3.0562
3.079
3.0814
3.0888
3.1146
3.1305
3.1233
3.1249
3.1438
3.1304
3.1483
3.1417
3.1282
3.127
3.1355
3.1321
3.133
3.1246
3.1253
3.1329
3.1229
3.1222
3.1153
3.108
3.092
3.0884
3.0606
3.0592
3.0528
3.0489
3.0547
3.0526
3.0384
3.0239
3.0029
2.9848
2.9791
2.9882
2.9795
2.9718
2.9668
2.9654
2.9675
2.9488
2.9349
2.9231
2.928
2.8975
2.8753
2.8724
2.8529
2.8426
2.8174
2.8025
2.7801
2.7727
2.7495
2.7512
2.7251
2.7077
2.6841
2.6725
2.6493
2.5988
2.5798
2.574
2.5521
2.5183
2.504
2.4828
2.4472
2.4088
2.3755
2.3491
2.3208
2.3008
2.2656
2.2363
2.2093
2.1878
2.1492
2.1384
2.1128
2.0889
2.0601
2.0336
2.0082
1.986
1.9635
1.9437
1.9218
1.8848
1.8537
1.8255
1.8018
1.779
1.7612
1.737
1.7094
1.679
1.6513
1.6131
1.5887
1.5743
1.5499
1.5226
1.493
1.469
1.4439
1.3473
1.2123
1.1849
1.1657
1.1547
1.1536
1.1364
1.1265
1.1039
1.0832
1.059
1.0455
1.0264
1.0124
1.0434
1.043
1.0175
0.9824
0.9592
0.954
0.9472
0.9324
0.9217
0.9011
0.8912
0.8784
0.8641
0.8499
0.8388
0.8237
0.8075
0.7893
0.7703
0.7528
0.735
0.7231
0.7076
0.6946
0.6793
0.6632
0.6493
0.6368
0.6204
0.605
0.5899
0.5723
0.5556
0.5435
0.5289
0.5186
0.504
0.4917
0.4777
0.4625
0.4524
0.4435
0.4333
0.4223
0.4124
0.4008
0.3906
0.384
0.3764
0.3686
0.3631
0.352
0.3448
0.3348
0.3307
0.3244
0.3176
0.31
0.2951
0.2864
0.2759
0.2676
0.2648
0.2598
0.2548
0.2466
0.2397
0.2346
0.2274
0.2234
0.2195
0.2141
0.2097
0.2018
0.1942
0.1923
0.1866
0.1825
0.1751
0.1693
0.166
0.1616
0.1561
0.1526
0.1471
0.142
0.1375
0.1326
0.1295
0.1249
0.1221
0.1192
0.1162