1.6788
1.709
1.7542
1.7854
1.8196
1.8479
1.87
1.8841
1.8934
1.9159
1.9316
1.9451
1.9599
1.9783
2.0032
2.0254
2.0599
2.0757
2.1076
2.1263
2.1498
2.1917
2.234
2.2552
2.2969
2.304
2.3181
2.3339
2.3595
2.3606
2.3613
2.3955
2.409
2.4266
2.4487
2.4827
2.5006
2.5311
2.5393
2.5691
2.5827
2.6007
2.6028
2.615
2.6361
2.6602
2.6762
2.6839
2.6982
2.7116
2.7199
2.7319
2.7524
2.7623
2.7958
2.8108
2.8178
2.8304
2.846
2.8591
2.8904
2.8814
2.9014
2.9247
2.9281
2.9534
2.962
2.9766
2.9911
3.0205
3.0431
3.0481
3.0618
3.0755
3.0746
3.0822
3.064
3.0768
3.0775
3.0989
3.1096
3.124
3.1441
3.1445
3.1585
3.1771
3.1949
3.1816
3.1834
3.1948
3.1853
3.1769
3.1959
3.1943
3.1928
3.1933
3.2022
3.1931
3.1929
3.1931
3.2162
3.2092
3.202
3.2011
3.2022
3.2142
3.2305
3.2265
3.2196
3.2227
3.232
3.2402
3.2499
3.2598
3.2401
3.2524
3.2524
3.2523
3.2466
3.2537
3.258
3.2671
3.2695
3.2757
3.2697
3.2936
3.281
3.2687
3.2676
3.2629
3.2635
3.2782
3.2865
3.2768
3.2738
3.264
3.25
3.2401
3.2359
3.2389
3.212
3.2081
3.208
3.2008
3.2091
3.2038
3.1955
3.1935
3.1791
3.1574
3.1662
3.1557
3.1632
3.138
3.1298
3.1248
3.1116
3.0921
3.0859
3.0668
3.0648
3.0645
3.0529
3.0389
3.0307
3.0154
3.0202
3.0104
2.9996
2.9857
2.9705
2.955
2.7131
2.708
2.6983
2.6889
2.7081
2.7243
2.6983
2.6887
2.6756
2.6682
2.6612
2.6545
2.6525
2.6471
2.6398
2.6362
2.6227
2.6165
2.6054
2.5949
2.5849
2.5618
2.5485
2.5422
2.5296
2.5142
2.496
2.4821
2.4709
2.462
2.4433
2.431
2.4298
2.4095
2.3996
2.3982
2.3799
2.3703
2.3596
2.3483
2.336
2.3254
2.3115
2.2962
2.2908
2.2711
2.2718
2.2588
2.2578
2.2434
2.2317
2.2239
2.2044
2.1916
2.1893
2.1672
2.159
2.1206
2.1034
2.084
2.063
2.0735
2.0555
2.0268
2.0133
2.0088
1.9983
1.9904
1.9777
1.9602
1.9514
1.9378
1.9225
1.911
1.8945
1.8807
1.8667
1.8488
1.8343
1.8303
1.8164
1.7998
1.7879
1.7735
1.7632
1.7488
1.7298
1.7117
1.6933
1.6759
1.664
1.6539
1.6354