1.6177
1.6451
1.6711
1.7056
1.7325
1.7474
1.7683
1.7904
1.8134
1.8449
1.8622
1.8803
1.895
1.9043
1.9123
1.9404
1.9596
1.9838
2.005
2.0242
2.045
2.0627
2.0829
2.1061
2.1182
2.128
2.1407
2.1508
2.1701
2.1995
2.2026
2.2105
2.2293
2.2476
2.2579
2.2579
2.2712
2.2841
2.2989
2.3182
2.326
2.3225
2.3367
2.3546
2.3709
2.3788
2.3857
2.4004
2.4127
2.4181
2.4264
2.4276
2.4462
2.4562
2.455
2.4667
2.4832
2.4933
2.5103
2.5244
2.5296
2.5132
2.5191
2.5115
2.514
2.514
2.5179
2.5255
2.5255
2.532
2.5291
2.5305
2.5243
2.523
2.5226
2.5223
2.5315
2.5236
2.5205
2.5135
2.5129
2.5189
2.5129
2.5128
2.5068
2.4996
2.4935
2.484
2.4599
2.4719
2.4619
2.4428
2.4404
2.4373
2.4277
2.4159
2.4174
2.4223
2.4217
2.4121
2.4094
2.4009
2.3971
2.3993
2.3852
2.3793
2.3699
2.3558
2.3528
2.3445
2.3294
2.3233
2.3033
2.2956
2.2859
2.2654
2.2461
2.2454
2.2403
2.2249
2.2002
2.1707
2.163
2.142
2.1325
2.1237
2.1206
2.1039
2.0793
2.0665
2.0581
2.0543
2.0412
2.0211
2.0021
1.9878
1.9624
1.9341
1.9147
1.8964
1.8933
1.8779
1.8516
1.8313
1.811
1.796
1.7784
1.7806
1.7606
1.7445
1.7341
1.7059
1.6819
1.6666
1.6385
1.6216
1.6057
1.5922
1.588
1.5667
1.5481
1.5322
1.5145
1.498
1.4806
1.4725
1.4482
1.4268
1.4052
1.3906
1.3769
1.3607
1.3216
1.1875
1.1745
1.1835
1.1841
1.1836
1.1985
1.217
1.1973
1.1965
1.182
1.167
1.147
1.1264
1.1132
1.1011
1.0795
1.0638
1.0492
1.0393
1.0167
1.0012
0.9847
0.9603
0.9433
0.9298
0.9185
0.8981
0.885
0.8759
0.8624
0.846
0.8363
0.8228
0.8139
0.8035
0.7911
0.7823
0.7717
0.7565
0.7481
0.7383
0.7216
0.7155
0.7073
0.6985
0.685
0.6736
0.6598
0.6532
0.6431
0.6347
0.6251
0.6146
0.6062
0.5977
0.5906
0.5809
0.5697
0.5554
0.5474
0.5339
0.5268
0.5138
0.5003
0.4912
0.4748
0.4621
0.4503
0.4424
0.431
0.4206
0.4014
0.3835
0.3734
0.3659
0.3517
0.342
0.3328
0.3255
0.3206
0.3077
0.3002
0.2906
0.2821
0.2741
0.2668
0.258
0.2491
0.2425
0.237
0.2303
0.2251
0.2168
0.2118
0.2074
0.1988
0.1936
0.1884
0.1802
0.1771
0.1707
0.1644
0.1591
0.152
0.1466
0.1385