1.5977
1.6254
1.6637
1.6822
1.7118
1.7379
1.7665
1.7809
1.7831
1.7894
1.8271
1.8394
1.8725
1.8996
1.9254
1.9631
2.0024
2.0405
2.0776
2.1022
2.1392
2.1733
2.1776
2.2179
2.2432
2.2581
2.2901
2.2986
2.3371
2.3562
2.4
2.4229
2.4469
2.4499
2.4714
2.4839
2.5037
2.5259
2.5484
2.5805
2.6058
2.6203
2.6605
2.6782
2.6946
2.7173
2.7322
2.7532
2.7564
2.7609
2.7923
2.7947
2.8112
2.8299
2.8546
2.8722
2.8846
2.8985
2.9038
2.9253
2.9426
2.9477
2.9761
2.9863
2.9975
3.0051
3.0206
3.0535
3.081
3.1016
3.1033
3.1316
3.1225
3.1414
3.1428
3.1639
3.1583
3.1903
3.2065
3.2033
3.2047
3.2257
3.2313
3.2351
3.2421
3.2587
3.2627
3.2719
3.2843
3.2872
3.3028
3.3102
3.32
3.3219
3.3146
3.3344
3.3453
3.3466
3.373
3.377
3.383
3.3926
3.385
3.398
3.4246
3.4339
3.4523
3.4796
3.4904
3.4916
3.51
3.531
3.5363
3.5666
3.5654
3.5894
3.6152
3.6223
3.6414
3.6457
3.6638
3.6752
3.6868
3.6975
3.7223
3.7502
3.7608
3.7712
3.7735
3.7892
3.7969
3.7853
3.7922
3.7823
3.8045
3.8193
3.8228
3.8419
3.8561
3.8666
3.8642
3.8793
3.88
3.8785
3.8928
3.9015
3.917
3.9246
3.9413
3.9423
3.9604
3.9751
3.9893
3.9918
4.0099
4.0162
4.042
4.0479
4.0597
4.0569
4.06
4.0694
4.0899
4.0934
4.0885
4.0983
4.1273
4.1279
4.1295
4.1472
4.1465
4.1555
4.1431
4.1866
4.1601
4.1196
4.0998
4.115
4.1401
4.1506
4.1371
4.1385
4.1713
4.1806
4.175
4.1808
4.1928
4.2032
4.1991
4.2219
4.2112
4.2076
4.2146
4.2105
4.2276
4.2415
4.2325
4.2208
4.2214
4.2293
4.2064
4.1924
4.1846
4.1992
4.2001
4.2115
4.2012
4.1878
4.1742
4.1633
4.1595
4.1438
4.1314
4.105
4.0877
4.078
4.0787
4.0799
4.0553
4.036
4.0215
4.0008
3.9875
3.9863
3.9907
3.9815
3.9685
3.9513
3.934
3.9221
3.912
3.8974
3.8727
3.859
3.8264
3.8311
3.8005
3.7842
3.7843
3.7775
3.7583
3.7493
3.7423
3.7294
3.7091
3.6898
3.6714
3.6625
3.6419
3.6253
3.5995
3.5737
3.5499
3.5343
3.5165
3.4931
3.4802
3.462
3.4457
3.4245
3.4061
3.3708
3.3469
3.3352
3.304
3.2778
3.2564
3.2366
3.2111
3.1888