1.667
1.6889
1.727
1.7653
1.7928
1.815
1.8204
1.8394
1.8571
1.8763
1.8887
1.899
1.9249
1.9488
1.9687
2.0025
2.0245
2.0458
2.0656
2.084
2.1227
2.1519
2.1602
2.1721
2.205
2.2217
2.2334
2.2695
2.2736
2.3004
2.3119
2.3403
2.36
2.3699
2.3887
2.4163
2.4338
2.4562
2.4905
2.509
2.5235
2.5233
2.5439
2.5656
2.5903
2.6174
2.6317
2.6591
2.6606
2.6738
2.6824
2.705
2.7296
2.742
2.7694
2.7934
2.8012
2.8129
2.826
2.8225
2.8374
2.8553
2.8734
2.8803
2.8923
2.9254
2.9256
2.9144
2.9293
2.9414
2.9541
2.9574
2.9651
2.9784
2.9977
3.0019
3.0244
3.0291
3.0357
3.0428
3.0522
3.0693
3.0942
3.103
3.1196
3.1432
3.1481
3.139
3.1555
3.1492
3.156
3.1635
3.1753
3.1802
3.1668
3.1671
3.1855
3.1931
3.1986
3.2093
3.2356
3.2354
3.2584
3.2465
3.2685
3.2756
3.2891
3.2873
3.2943
3.3083
3.3266
3.3502
3.3654
3.3646
3.3717
3.3877
3.3957
3.4007
3.4
3.4254
3.436
3.4369
3.4443
3.4528
3.4418
3.4366
3.4457
3.4635
3.4592
3.4504
3.4571
3.4536
3.4624
3.4513
3.4469
3.4743
3.4755
3.4675
3.4726
3.4684
3.4877
3.491
3.4774
3.4803
3.4713
3.4759
3.4774
3.4814
3.4588
3.4542
3.4514
3.4508
3.4388
3.4237
3.4343
3.4365
3.4194
3.4028
3.3933
3.3785
3.3669
3.3686
3.3675
3.3471
3.3401
3.3343
3.3311
3.3352
3.3135
3.322
3.3268
3.3102
3.1615
3.1426
3.1273
3.1316
3.1134
3.0853
3.0765
3.0783
3.0626
3.057
3.0429
3.0395
3.0285
3.0037
2.9822
2.9544
2.9271
2.9099
2.8918
2.8649
2.8368
2.8097
2.7968
2.762
2.7417
2.7262
2.7065
2.6791
2.6732
2.6462
2.622
2.6092
2.5899
2.5684
2.5594
2.5225
2.5018
2.4882
2.4613
2.4307
2.4078
2.3856
2.3606
2.3407
2.3197
2.2974
2.2757
2.2457
2.217
2.1915
2.1779
2.149
2.1256
2.0993
2.061
2.0229
1.9889
1.9581
1.9287
1.897
1.8651
1.8328
1.7948
1.7537
1.7186
1.684
1.6612
1.6308
1.5955
1.5646
1.5432
1.523
1.4984
1.4683
1.4464
1.4217
1.4043
1.3841
1.3564
1.3308
1.3092
1.2845
1.2547
1.2234
1.1925
1.1643
1.1352
1.1084
1.083
1.0567
1.0317
1.0037
0.9791
0.949
0.9299
0.897
0.8731
0.8486