1.684
1.723
1.7565
1.7952
1.8202
1.8389
1.8537
1.8824
1.8831
1.8981
1.9143
1.9349
1.9585
1.9806
1.9983
2.0256
2.0334
2.0581
2.0835
2.1201
2.1541
2.1579
2.1881
2.2099
2.2475
2.2609
2.2702
2.2914
2.3193
2.3294
2.3512
2.3739
2.3825
2.3925
2.4043
2.4269
2.4345
2.4488
2.4535
2.4545
2.481
2.5026
2.5062
2.5269
2.5375
2.5608
2.571
2.5793
2.5893
2.624
2.6381
2.6756
2.6789
2.6919
2.7322
2.7446
2.7563
2.7601
2.774
2.7871
2.8153
2.8246
2.8465
2.8418
2.8635
2.8907
2.9265
2.9375
2.9726
2.9727
2.9837
3.0063
3.0134
3.0361
3.0345
3.0545
3.0507
3.0686
3.0718
3.0699
3.0834
3.1077
3.1064
3.1139
3.1293
3.145
3.1682
3.1536
3.1626
3.1772
3.1926
3.2135
3.2254
3.239
3.271
3.2808
3.3148
3.3153
3.3406
3.3745
3.384
3.3877
3.4056
3.4368
3.4491
3.4577
3.464
3.4642
3.4766
3.4835
3.5137
3.5177
3.5287
3.56
3.5817
3.6046
3.6103
3.632
3.6488
3.6479
3.6463
3.6545
3.6781
3.6968
3.721
3.7432
3.7437
3.7691
3.8078
3.8305
3.8294
3.8254
3.8205
3.845
3.8741
3.9081
3.897
3.9235
3.9297
3.9573
3.9955
4.0215
4.0058
4.0215
4.0453
4.0634
4.0923
4.1111
4.1315
4.1224
4.114
4.1292
4.1444
4.1481
4.1678
4.1761
4.2085
4.2109
4.2002
4.1998
4.2113
4.2189
4.2326
4.2382
4.2617
4.2673
4.2605
4.2541
4.2621
4.2821
4.2896
4.3046
4.3145
4.428
4.4445
4.502
4.4719
4.4378
4.4324
4.4279
4.4115
4.4179
4.4091
4.4126
4.418
4.4118
4.44
4.4532
4.4517
4.4788
4.4728
4.4656
4.4696
4.448
4.466
4.4638
4.4497
4.4633
4.4768
4.4664
4.4856
4.517
4.5109
4.5028
4.5053
4.5028
4.5168
4.5447
4.5425
4.5435
4.5553
4.5617
4.5642
4.5797
4.6174
4.6293
4.6441
4.649
4.6505
4.6569
4.6619
4.66
4.6622
4.663
4.6544
4.6567
4.6538
4.6632
4.656
4.6417
4.6461
4.6406
4.6457
4.6371
4.6304
4.6081
4.6089
4.5782
4.5789
4.6074
4.5603
4.6062
4.606
4.6043
4.6144
4.5962
4.6069
4.6232
4.5919
4.5945
4.5782
4.5685
4.5523
4.5233
4.5272
4.5114
4.5018
4.5122
4.5098
4.5062
4.5118
4.4944
4.4704
4.4563
4.4536
4.4463
4.4343
4.4152
4.4114
4.4103
4.3994
4.3933
4.373
4.3309