1.5345
1.5957
1.6517
1.6894
1.7338
1.785
1.8271
1.8672
1.8911
1.9163
1.9445
1.9817
2.0079
2.028
2.0611
2.0845
2.1178
2.1544
2.199
2.2285
2.272
2.3168
2.3563
2.3841
2.4065
2.428
2.4355
2.4816
2.5116
2.5237
2.5476
2.5682
2.6097
2.6288
2.6507
2.6681
2.6938
2.7305
2.7513
2.7737
2.7908
2.8004
2.813
2.8174
2.8242
2.8526
2.8743
2.8813
2.9056
2.9116
2.9176
2.9307
2.9351
2.94
2.9402
2.9466
2.9499
2.9636
2.9689
2.9668
2.9563
2.9464
2.9547
2.9513
2.9408
2.9409
2.9244
2.9178
2.9283
2.9305
2.9155
2.9078
2.8885
2.8781
2.8691
2.8616
2.8509
2.8504
2.8446
2.8411
2.8213
2.8038
2.7915
2.7689
2.7511
2.7275
2.7158
2.6861
2.6727
2.6416
2.6225
2.6107
2.5942
2.568
2.5453
2.5087
2.4846
2.4643
2.4393
2.413
2.3974
2.3697
2.3481
2.3199
2.3125
2.2836
2.2584
2.2449
2.2414
2.222
2.1964
2.1815
2.1665
2.1497
2.1269
2.1188
2.1011
2.0881
2.0702
2.0579
2.0421
2.0321
2.0165
1.9923
1.9831
1.9555
1.932
1.9066
1.8826
1.8696
1.8521
1.8413
1.823
1.8088
1.7865
1.7729
1.7639
1.7394
1.7217
1.6974
1.6974
1.6726
1.6591
1.6408
1.6277
1.6195
1.6044
1.5855
1.5736
1.5569
1.528
1.5101
1.4935
1.4813
1.4655
1.4489
1.4393
1.4259
1.4152
1.3979
1.385
1.3693
1.3525
1.3463
1.3318
1.3235
1.3088
1.3003
1.2883
1.266
1.2567
1.2487
1.192
1.162
1.1437
1.1342
1.1226
1.1254
1.1199
1.1156
1.1114
1.0997
1.0966
1.097
1.1017
1.0983
1.0913
1.0756
1.0691
1.0669
1.0556
1.0474
1.0499
1.0499
1.0419
1.0256
1.0147
1.011
1.0063
0.9933
0.9778
0.9642
0.9554
0.9494
0.9395
0.9292
0.9238
0.9231
0.9172
0.9184
0.9068
0.8898
0.8809
0.8792
0.8734
0.8705
0.8745
0.8657
0.8578
0.8486
0.8444
0.8415
0.8383
0.8345
0.8219
0.8085
0.7966
0.7858
0.778
0.7638
0.7575
0.7456
0.7268
0.7067
0.6879
0.6743
0.6801
0.6877
0.6816
0.6648
0.6552
0.6451
0.6438
0.6364
0.632
0.6229
0.6164
0.6137
0.6104
0.6046
0.5914
0.5857
0.5777
0.5734
0.5648
0.5596
0.554
0.5505
0.5427
0.5426
0.5359
0.5374
0.5311
0.5267
0.5215
0.5203
0.5161
0.5116