1.5058
1.5339
1.5622
1.5875
1.603
1.6373
1.6595
1.6767
1.7141
1.7426
1.7847
1.8276
1.8727
1.9112
1.9536
1.9889
2.0462
2.0843
2.1239
2.1806
2.2215
2.2467
2.2792
2.2981
2.3335
2.3777
2.4236
2.4582
2.4988
2.5145
2.5448
2.5731
2.5884
2.6233
2.6626
2.6926
2.6985
2.7238
2.743
2.7619
2.7899
2.7951
2.7987
2.8154
2.8197
2.8334
2.8407
2.8333
2.8389
2.8563
2.8564
2.8598
2.8562
2.8578
2.8722
2.8868
2.8895
2.8932
2.8818
2.8917
2.9058
2.8992
2.9002
2.8991
2.8731
2.8655
2.8503
2.8502
2.8343
2.8188
2.8184
2.8
2.7953
2.775
2.7484
2.7378
2.714
2.6901
2.6681
2.6584
2.6337
2.6121
2.587
2.5507
2.5279
2.4985
2.4734
2.4423
2.4251
2.3977
2.3781
2.3447
2.329
2.3021
2.2739
2.2486
2.2338
2.1968
2.1702
2.1372
2.1088
2.0774
2.0519
2.0245
2.0021
1.9695
1.9426
1.9197
1.9016
1.8761
1.8535
1.8278
1.7977
1.7836
1.7652
1.7412
1.728
1.6951
1.6604
1.6369
1.6177
1.5932
1.5781
1.5588
1.5295
1.5063
1.4862
1.4725
1.4529
1.4295
1.4132
1.401
1.3834
1.3594
1.3414
1.3171
1.2971
1.2748
1.2594
1.2385
1.2337
1.2074
1.1818
1.1629
1.1379
1.1204
1.0966
1.0757
1.0585
1.0457
1.0387
1.0193
0.994
0.9833
0.9635
0.9454
0.927
0.9121
0.9011
0.8897
0.8829
0.8702
0.8558
0.8386
0.8285
0.8112
0.8052
0.7956
0.7806
0.7677
0.7555
0.7495
0.7216
0.6637
0.6529
0.6323
0.6614
0.6512
0.6344
0.6275
0.6386
0.6372
0.6223
0.6189
0.6182
0.6153
0.6081
0.6068
0.6025
0.6019
0.6051
0.5999
0.5987
0.5883
0.5837
0.5769
0.5729
0.5654
0.5592
0.5589
0.5517
0.5489
0.5456
0.5442
0.5366
0.5321
0.53
0.5322
0.5265
0.5168
0.5147
0.5037
0.4974
0.5042
0.4976
0.487
0.4848
0.4845
0.4795
0.4787
0.4706
0.4695
0.4656
0.4567
0.4643
0.4519
0.4439
0.4414
0.4385
0.4303
0.4196
0.4187
0.42
0.4118
0.4057
0.3838
0.3739
0.3656
0.3657
0.3856
0.3728
0.3609
0.3573
0.354
0.3534
0.3568
0.356
0.3443
0.3396
0.3337
0.3313
0.3303
0.3246
0.3216
0.3165
0.3068
0.31
0.3099
0.3034
0.2984
0.3013
0.3013
0.2929
0.2898
0.2873
0.2835
0.2792
0.2748
0.2691
0.2704
0.264