1.6503
1.6908
1.726
1.7545
1.785
1.8142
1.8448
1.8641
1.8987
1.922
1.9488
1.9838
2.0177
2.033
2.0698
2.1059
2.1399
2.1789
2.2175
2.2525
2.2859
2.327
2.361
2.405
2.4341
2.4609
2.4853
2.5115
2.5341
2.5532
2.5655
2.5828
2.6009
2.6286
2.6467
2.6774
2.6883
2.7077
2.7114
2.7439
2.7373
2.7488
2.7617
2.7717
2.7808
2.8046
2.8175
2.8373
2.8523
2.8442
2.8653
2.867
2.8715
2.8734
2.8716
2.8971
2.8968
2.8852
2.8898
2.8871
2.8833
2.8892
2.8898
2.8904
2.8803
2.8723
2.8663
2.8631
2.8584
2.8466
2.8426
2.85
2.8392
2.8339
2.8226
2.8156
2.8173
2.8155
2.7972
2.7728
2.7621
2.7377
2.719
2.6901
2.6886
2.6836
2.6597
2.6653
2.6335
2.6184
2.5936
2.5614
2.5461
2.526
2.4934
2.476
2.4759
2.4473
2.4364
2.4116
2.4124
2.3867
2.3658
2.3481
2.3273
2.2955
2.2776
2.2706
2.2463
2.2299
2.2103
2.1857
2.1627
2.1429
2.1172
2.1096
2.086
2.0719
2.0501
2.0329
2.0151
1.9938
1.9643
1.9453
1.9279
1.9042
1.8826
1.8609
1.8444
1.8281
1.8054
1.7904
1.7693
1.7499
1.7256
1.703
1.6856
1.6761
1.6618
1.6429
1.6256
1.6046
1.5981
1.5855
1.5658
1.5481
1.5314
1.518
1.4974
1.4771
1.455
1.4385
1.4233
1.4038
1.3901
1.3708
1.3585
1.3415
1.3158
1.3091
1.2977
1.2775
1.2603
1.2463
1.2366
1.2235
1.2088
1.1942
1.182
1.1631
1.1514
1.1452
1.0401
1.0266
1.019
1.012
1.0023
1.0011
0.9922
0.9763
0.9648
0.9586
0.946
0.9359
0.9289
0.9213
0.9131
0.9068
0.8993
0.8942
0.8846
0.8705
0.8583
0.8484
0.8363
0.8279
0.8135
0.8073
0.7949
0.7886
0.7793
0.7726
0.7608
0.7548
0.7431
0.7322
0.7204
0.7089
0.6975
0.6814
0.6714
0.658
0.6441
0.6258
0.6123
0.601
0.5903
0.5763
0.5657
0.5519
0.5384
0.5213
0.5104
0.4988
0.4891
0.4775
0.4605
0.4498
0.4401
0.4242
0.4182
0.4169
0.3968
0.3786
0.3667
0.3533
0.3497
0.3481
0.3397
0.3281
0.3204
0.3145
0.3115
0.3089
0.308
0.3052
0.3018
0.297
0.2937
0.2891
0.2887
0.2875
0.2868
0.2843
0.278
0.2777
0.271
0.2685
0.2656
0.2617
0.2571
0.254
0.2513
0.2485
0.2469
0.2415
0.2382
0.2349