1.5479
1.5819
1.6015
1.645
1.668
1.6889
1.7125
1.7204
1.7413
1.7452
1.7563
1.7813
1.7968
1.8175
1.8392
1.8472
1.8788
1.8946
1.9254
1.9414
1.9652
1.9834
1.9779
2.0041
2.0305
2.0596
2.0692
2.0864
2.0987
2.113
2.1387
2.15
2.1605
2.1684
2.1819
2.2015
2.2185
2.2294
2.2501
2.2555
2.2631
2.2922
2.2907
2.3199
2.3161
2.3419
2.3513
2.3625
2.3718
2.3859
2.3845
2.3998
2.4103
2.415
2.4212
2.4409
2.454
2.4603
2.4878
2.4952
2.5032
2.5169
2.5255
2.5289
2.5385
2.5504
2.5516
2.5522
2.5559
2.5638
2.5775
2.5767
2.5648
2.5626
2.5749
2.5698
2.5696
2.5783
2.5695
2.5645
2.5618
2.5612
2.5603
2.5641
2.5564
2.5457
2.5423
2.5281
2.5264
2.5287
2.5216
2.5254
2.5122
2.5063
2.5034
2.4874
2.4889
2.486
2.4886
2.4873
2.4814
2.4793
2.4749
2.483
2.4792
2.4725
2.4621
2.4609
2.454
2.4449
2.4426
2.4569
2.4636
2.4537
2.4452
2.4366
2.438
2.4277
2.4095
2.3906
2.3736
2.3549
2.3405
2.3344
2.3269
2.3149
2.3055
2.28
2.2553
2.2315
2.2262
2.1924
2.1632
2.1474
2.1285
2.096
2.068
2.0443
2.0182
1.9914
1.9657
1.9493
1.9342
1.915
1.9019
1.8726
1.857
1.8293
1.808
1.7794
1.7593
1.7387
1.717
1.6858
1.6579
1.6345
1.6151
1.5879
1.5728
1.5534
1.5258
1.5055
1.495
1.4726
1.4532
1.43
1.4101
1.3886
1.3674
1.3491
1.3338
1.3085
1.34
1.0957
1.0833
1.0712
1.061
1.0496
1.0322
1.0178
0.9981
0.9856
0.967
0.9494
0.9225
0.9002
0.8855
0.8718
0.856
0.8351
0.8181
0.7994
0.7812
0.7648
0.7494
0.7338
0.7112
0.6936
0.6763
0.6527
0.6371
0.6223
0.6011
0.5784
0.5456
0.5237
0.5201
0.5142
0.508
0.4937
0.4815
0.468
0.4574
0.4446
0.4303
0.4158
0.4069
0.3916
0.3806
0.3717
0.3634
0.3518
0.3403
0.329
0.3224
0.3169
0.3086
0.2979
0.2897
0.2776
0.2685
0.2597
0.246
0.2354
0.2251
0.2159
0.2038
0.187
0.1747
0.1707
0.1718
0.1658
0.1622
0.1555
0.1535
0.1446
0.14
0.1342
0.1304
0.1269
0.1208
0.1098
0.1045
0.1013
0.095
0.0882
0.0799
0.0755
0.0693
0.0653
0.0613
0.0582
0.0568
0.0505
0.0431
0.0374
0.0304
0.0286
0.0224
0.0159
0.0114