2.5013
2.7513
3.0013
3.2516
3.5016
3.7516
4.0016
4.2519
4.5019
4.7516
5.0016
5.2519
5.5019
5.7519
6.0019
6.2522
6.5022
6.7522
7.0022
7.2522
7.5022
7.7522
8.0022
8.2522
8.5022
8.7522
9.0022
9.2525
9.5025
9.7522
10.0022
10.2522
10.5022
10.7522
11.0022
11.2522
11.5025
11.7525
12.0025
12.2522
12.5022
12.7522
13.0022
13.2522
13.5022
13.7522
14.0016
14.2516
14.5016
14.7516
15.0016
15.2519
15.5019
15.7516
16.0016
16.2519
16.5019
16.7519
17.0019
17.2522
17.5022
17.7522
18.0022
18.2525
18.5027
18.7525
19.0025
19.2527
19.5027
19.7527
20.0027
20.2527
20.503
20.753
21.003
21.2533
21.503
21.753
22.003
22.2533
22.5033
22.7533
23.0033
23.2536
23.5036
23.7536
24.0036
24.2538
24.5038
24.7538
25.0038
25.2538
25.5038
25.7536
26.0036
26.2536
26.5038
26.7538
27.0041
27.2536
27.5036
27.7536
28.0036
28.2536
28.5036
28.7536
29.0036
29.2538
29.5038
29.7538
30.0038
30.2538
30.5038
30.7538
31.0038
31.2538
31.5041
31.7541
32.0038
32.2538
32.5041
32.7541
33.0041
33.2544
33.5044
33.7544
34.0044
34.2544
34.5041
34.7541
35.0041
35.2541
35.5038
35.7538
36.0027
36.25
36.5
36.7502
37.0002
37.2502
37.5002
37.7502
38.0005
38.25
38.5
38.75
39
39.25
39.5
39.75
40
40.25
40.4994
40.7494
40.9994
41.2494
41.4994
41.7494
41.9997
42.2497
42.4997
42.7497
42.9997
43.2497
43.4997
43.75
44.0002
44.2505
44.5005
44.7508
45.0008
45.2508
48.3422
48.5925
48.8427
49.0927
49.343
49.593
49.8433
50.0933
50.3433
50.5933
50.8436
51.0933
51.3433
51.5936
51.8436
52.0936
52.3436
52.5938
52.8441
53.0941
53.3444
53.5944
53.8447
54.0947
54.3447
54.595
54.845
55.0947
55.3447
55.595
55.845
56.095
56.345
56.5952
56.8455
57.0952
57.3452
57.5955
57.8458
58.095
58.3441
58.5944
58.8444
59.0944
59.3444
59.5947
59.845
60.0944
60.3427
60.5927
60.843
61.0927
61.343
61.593
61.8427
62.0925
62.3422
62.5925
62.8422
63.0922
63.3419
63.5919
63.8419
64.0919
64.3419
64.5922
64.8422
65.0922
65.3425
65.5925
65.8425
66.0927
66.3427
66.593
66.843
67.0933
67.3433
67.5933
67.8436
68.0936
68.3436
68.5936
68.8436
69.0936
69.3436
69.5938
69.8438
70.0941
70.3441
70.5941
70.8441
71.0944
71.3447
71.5947
71.8447
72.0947