1.5467
1.5717
1.6058
1.6364
1.6541
1.6892
1.726
1.7302
1.7455
1.7586
1.7731
1.7903
1.8075
1.8271
1.8452
1.8602
1.8953
1.9257
1.9377
1.9717
1.9973
2.0226
2.0495
2.0797
2.0996
2.117
2.1324
2.1467
2.1478
2.1656
2.182
2.201
2.2159
2.2452
2.2623
2.2835
2.3034
2.3126
2.3189
2.3358
2.3327
2.3467
2.3557
2.372
2.3805
2.3931
2.3971
2.4133
2.4263
2.44
2.4491
2.4464
2.4498
2.4573
2.4723
2.4865
2.4931
2.4967
2.4939
2.503
2.514
2.5193
2.5216
2.5235
2.5263
2.5151
2.5171
2.5166
2.5062
2.4925
2.4865
2.5017
2.5087
2.5007
2.4881
2.4867
2.4853
2.4729
2.4669
2.4702
2.4604
2.4472
2.4371
2.4236
2.4098
2.3957
2.3855
2.3698
2.3603
2.3424
2.3258
2.3196
2.3258
2.3114
2.2925
2.2815
2.2668
2.255
2.24
2.2214
2.2053
2.1919
2.1766
2.1717
2.1548
2.1463
2.1286
2.1
2.0852
2.0754
2.0586
2.0426
2.0287
2.0044
1.9882
1.9736
1.9566
1.9428
1.9241
1.9049
1.8753
1.8638
1.8562
1.8327
1.814
1.788
1.7692
1.7506
1.7289
1.7198
1.7048
1.6732
1.6581
1.6489
1.625
1.6048
1.5879
1.5745
1.5567
1.5287
1.5097
1.4733
1.4486
1.4338
1.4145
1.4004
1.3789
1.365
1.3472
1.3287
1.3065
1.2898
1.2651
1.2402
1.2231
1.2028
1.1862
1.1771
1.1576
1.1397
1.12
1.1039
1.0834
1.0618
1.0474
1.0307
1.0125
0.994
0.9769
0.9609
0.9485
0.9294
0.7846
0.7789
0.7744
0.7667
0.7558
0.745
0.7305
0.7202
0.7091
0.6929
0.6801
0.6682
0.6644
0.6504
0.6337
0.6224
0.6053
0.5933
0.5874
0.5753
0.5597
0.5492
0.5405
0.5263
0.5148
0.5037
0.4958
0.4878
0.4779
0.4693
0.4592
0.4455
0.4334
0.4219
0.4139
0.4056
0.4016
0.3902
0.3799
0.3642
0.3552
0.3446
0.3376
0.3291
0.3181
0.3059
0.2986
0.2888
0.2806
0.2749
0.2671
0.2571
0.2512
0.2406
0.2321
0.2265
0.2172
0.2112
0.206
0.1986
0.1903
0.1846
0.1771
0.1702
0.1647
0.1594
0.1584
0.1559
0.1549
0.1496
0.1456
0.143
0.1403
0.1358
0.1306
0.125
0.1199
0.115
0.1102
0.1038
0.0999
0.0983
0.0958
0.0921
0.0878
0.0864
0.0819
0.0796
0.0752
0.0735
0.0672
0.0634
0.0603
0.0538
0.0479
0.0418