1.6724
1.7077
1.7351
1.7677
1.8044
1.8391
1.8698
1.892
1.9324
1.9631
1.991
2.0041
2.0201
2.0493
2.0796
2.1158
2.1511
2.1923
2.2301
2.259
2.2788
2.3128
2.3446
2.3688
2.4013
2.4295
2.4548
2.4811
2.5045
2.5367
2.5671
2.5892
2.6093
2.6344
2.6551
2.6755
2.6784
2.6918
2.7147
2.7303
2.7534
2.7749
2.7725
2.7786
2.8013
2.8256
2.8431
2.861
2.8683
2.8683
2.8853
2.9092
2.9222
2.9235
2.94
2.961
2.9769
2.994
2.9914
2.9989
2.9978
2.998
3.0017
3.0149
3.0189
3.0148
2.9971
3.0063
3.009
3.0078
3.0104
3.0068
2.9953
3.0177
3
3.0059
2.9976
2.9824
2.988
2.9798
2.98
2.942
2.9306
2.9187
2.9136
2.9015
2.8933
2.8857
2.8738
2.8552
2.8482
2.8345
2.8181
2.7942
2.7695
2.7741
2.7567
2.7428
2.7251
2.709
2.7132
2.7147
2.6985
2.6982
2.688
2.6809
2.6649
2.6486
2.6568
2.6369
2.611
2.5955
2.5729
2.5582
2.5408
2.5289
2.5132
2.5013
2.4878
2.4871
2.4664
2.4522
2.4418
2.4412
2.4298
2.4253
2.4271
2.4122
2.3907
2.3741
2.3545
2.3418
2.3285
2.3126
2.2882
2.2919
2.2728
2.2675
2.2559
2.2445
2.2356
2.2229
2.2068
2.1791
2.1663
2.1472
2.1346
2.1228
2.1145
2.1024
2.0823
2.0833
2.0739
2.0576
2.0414
2.0258
2.0141
1.9997
1.9863
1.9834
1.9778
1.9728
1.9543
1.9386
1.9186
1.9027
1.8831
1.8682
1.8669
1.8477
1.8419
1.8299
1.7061
1.6953
1.682
1.6834
1.6907
1.7033
1.7076
1.7043
1.7077
1.7175
1.7203
1.7237
1.7203
1.719
1.7112
1.7098
1.7114
1.7131
1.7085
1.6969
1.695
1.6919
1.6913
1.6923
1.6883
1.6926
1.6899
1.6746
1.6734
1.6699
1.6686
1.6648
1.6649
1.6642
1.6636
1.665
1.666
1.6627
1.6563
1.6493
1.6386
1.6416
1.6403
1.6354
1.6264
1.6154
1.6013
1.5841
1.573
1.5568
1.5421
1.534
1.5273
1.4917
1.4661
1.4839
1.4815
1.4946
1.4889
1.4931
1.494
1.4892
1.4807
1.4733
1.4652
1.4549
1.4501
1.446
1.4488
1.4407
1.4348
1.4372
1.4235
1.4218
1.4044
1.4096
1.4137
1.3983
1.3948
1.3861
1.3943
1.3841
1.373
1.3729
1.3716
1.3693
1.3683
1.3549
1.3528
1.3531