1.308
1.3474
1.3797
1.402
1.4258
1.4397
1.4532
1.456
1.473
1.4975
1.5306
1.5614
1.6047
1.6338
1.6794
1.7161
1.7524
1.8008
1.8428
1.8844
1.9247
1.9456
1.9782
2.0155
2.0483
2.0762
2.1013
2.1416
2.1648
2.2025
2.1896
2.215
2.2326
2.2629
2.2786
2.3019
2.3178
2.3285
2.3403
2.3541
2.362
2.3969
2.4117
2.4168
2.4394
2.4412
2.4403
2.4451
2.4652
2.468
2.4641
2.4572
2.4663
2.4648
2.4622
2.44
2.442
2.4279
2.4301
2.4198
2.4248
2.4204
2.4082
2.4033
2.3965
2.3855
2.3769
2.3745
2.3732
2.3418
2.337
2.3257
2.3172
2.2924
2.2675
2.2544
2.2274
2.2192
2.2043
2.1972
2.1741
2.1575
2.1426
2.1175
2.0904
2.0659
2.0452
2.0066
1.9816
1.9488
1.9297
1.9135
1.8996
1.88
1.848
1.824
1.8146
1.7906
1.7683
1.7498
1.7179
1.6859
1.6661
1.6372
1.6253
1.5989
1.567
1.5499
1.5211
1.4951
1.4835
1.4556
1.4343
1.4092
1.3744
1.3512
1.3368
1.3153
1.3055
1.2773
1.2553
1.2341
1.2148
1.202
1.1862
1.1643
1.146
1.125
1.1041
1.0802
1.0673
1.0528
1.034
1.0152
1.0002
0.9751
0.9545
0.9459
0.9359
0.9228
0.911
0.8887
0.8657
0.8461
0.8309
0.8133
0.8039
0.7889
0.7733
0.7584
0.7487
0.7299
0.7195
0.7045
0.6933
0.6763
0.6598
0.655
0.643
0.623
0.617
0.6106
0.6008
0.5895
0.5818
0.5737
0.5605
0.5492
0.5375
0.5334
0.531
0.5249
0.4981
0.4638
0.4594
0.4592
0.4554
0.4509
0.445
0.4337
0.425
0.4245
0.4227
0.4235
0.4195
0.4173
0.4068
0.399
0.3874
0.3899
0.3922
0.3929
0.3888
0.3794
0.3768
0.3752
0.3712
0.3689
0.3667
0.3618
0.3572
0.3518
0.3484
0.351
0.3482
0.3466
0.3434
0.345
0.3423
0.3378
0.3313
0.3324
0.3277
0.3246
0.3199
0.3174
0.3134
0.315
0.3141
0.3121
0.3022
0.3009
0.2969
0.2905
0.2868
0.2836
0.2792
0.27
0.2666
0.2611
0.2577
0.2601
0.2546
0.2503
0.2384
0.2261
0.2236
0.2188
0.2137
0.2275
0.218
0.2112
0.208
0.1954
0.1994
0.2043
0.1995
0.1979
0.1897
0.1875
0.1826
0.1745
0.1739
0.1704
0.1653
0.1596
0.157
0.1534
0.1517
0.1433
0.1392
0.1316
0.13
0.1267
0.1285
0.1269
0.1253
0.1193
0.1161
0.1146
0.1111.