1.7115
1.7457
1.7831
1.8111
1.8397
1.8608
1.8811
1.8959
1.9031
1.9216
1.9179
1.9318
1.9543
1.972
1.9872
2.012
2.0281
2.0474
2.0736
2.0924
2.1261
2.1592
2.1831
2.2
2.2158
2.2477
2.2699
2.2877
2.3165
2.3332
2.3443
2.3468
2.3468
2.356
2.3682
2.39
2.4038
2.4302
2.4413
2.4567
2.4836
2.4947
2.4893
2.4945
2.5153
2.5268
2.5251
2.536
2.5623
2.5709
2.5891
2.5919
2.6179
2.6382
2.6692
2.6871
2.6919
2.6975
2.7246
2.7513
2.7715
2.8035
2.8228
2.8229
2.8371
2.8551
2.8674
2.8949
2.9256
2.928
2.9466
2.9495
2.9714
2.9852
2.98
2.9925
3.0065
3.0243
3.0301
3.0413
3.0566
3.0475
3.0509
3.0543
3.0576
3.0773
3.0834
3.0834
3.0772
3.0848
3.085
3.103
3.119
3.1373
3.1573
3.1734
3.1711
3.1927
3.1942
3.1934
3.2087
3.2339
3.2691
3.2805
3.2893
3.3037
3.2957
3.3
3.3144
3.3199
3.3329
3.3406
3.3355
3.3492
3.3679
3.3641
3.3735
3.3849
3.4091
3.415
3.4207
3.4408
3.4476
3.4542
3.45
3.4497
3.4619
3.4636
3.4849
3.4838
3.4754
3.4663
3.4671
3.479
3.4821
3.5059
3.5165
3.5377
3.5455
3.5498
3.5534
3.5636
3.5603
3.5676
3.5744
3.5881
3.6121
3.629
3.6148
3.619
3.6203
3.6249
3.6329
3.6199
3.6147
3.6261
3.6435
3.6292
3.64
3.6431
3.6308
3.6317
3.627
3.6366
3.6517
3.6733
3.681
3.6757
3.6801
3.6808
3.6784
3.6788
3.6491
3.6095
3.5968
3.5601
3.5389
3.5262
3.5019
3.481
3.4829
3.4673
3.4521
3.4326
3.4358
3.4168
3.3993
3.3781
3.3663
3.3566
3.3473
3.3596
3.3492
3.3314
3.3115
3.3003
3.2916
3.2768
3.2792
3.2691
3.251
3.2432
3.2209
3.1994
3.1746
3.1534
3.1336
3.1108
3.0822
3.0494
3.0246
2.9899
2.9674
2.9512
2.9217
2.8839
2.8535
2.8307
2.8274
2.8146
2.8022
2.786
2.7468
2.7237
2.6947
2.6887
2.6621
2.6417
2.6229
2.5941
2.5599
2.5222
2.5039
2.4728
2.4315
2.3946
2.3702
2.3505
2.3222
2.2998
2.2783
2.2505
2.2316
2.2097
2.1755
2.1493
2.1253
2.1011
2.0715
2.0401
2.013
1.9759
1.9475
1.9246
1.8931
1.8511
1.8147
1.7779
1.7492
1.7124
1.6701
1.6279
1.5987
1.5676
1.527
1.4915
1.4501
1.4146
1.3841
1.3513