1.6949
1.7175
1.7394
1.7691
1.7936
1.8247
1.8545
1.8649
1.8748
1.893
1.9013
1.9261
1.9604
1.9909
2.0066
2.0157
2.0513
2.0794
2.116
2.1406
2.1654
2.1911
2.2111
2.2333
2.2479
2.261
2.2801
2.3032
2.3074
2.3306
2.3439
2.3781
2.4032
2.4187
2.4286
2.4492
2.4708
2.4685
2.4701
2.478
2.4822
2.4956
2.514
2.525
2.5312
2.5352
2.5436
2.5432
2.5478
2.5576
2.5625
2.5768
2.5907
2.5876
2.5951
2.596
2.6073
2.6144
2.6022
2.6283
2.6358
2.6436
2.6548
2.6568
2.6644
2.6811
2.6975
2.7106
2.7148
2.7229
2.7222
2.7342
2.7296
2.7269
2.7188
2.7181
2.7266
2.731
2.7348
2.7309
2.7232
2.7231
2.7018
2.6827
2.6769
2.6593
2.6383
2.6329
2.6215
2.6111
2.6047
2.5879
2.5566
2.5379
2.5247
2.5184
2.5057
2.4938
2.5
2.4917
2.4863
2.4871
2.4744
2.4552
2.4534
2.4329
2.4202
2.3933
2.3867
2.3709
2.3634
2.3471
2.3304
2.3095
2.2833
2.2557
2.2389
2.2163
2.2144
2.2005
2.189
2.1688
2.147
2.1318
2.1138
2.1112
2.097
2.0779
2.0625
2.0374
2.0204
2.0083
1.9893
1.969
1.9609
1.9488
1.9346
1.9173
1.8994
1.8775
1.8671
1.8424
1.8347
1.8085
1.7939
1.7762
1.7556
1.7206
1.6931
1.6747
1.6626
1.6481
1.6339
1.6089
1.5873
1.5685
1.5422
1.521
1.4999
1.4782
1.4558
1.4458
1.4257
1.4123
1.3957
1.3803
1.3621
1.3488
1.3287
1.3094
1.2913
1.2824
1.1945
1.1096
1.0961
1.1082
1.1065
1.103
1.0912
1.0902
1.1043
1.0892
1.0706
1.0714
1.0593
1.0486
1.0265
1.0112
0.9952
0.9934
0.9716
0.9515
0.9357
0.9165
0.9114
0.9034
0.8939
0.8814
0.8614
0.8484
0.8292
0.8145
0.7992
0.7782
0.7596
0.7386
0.7181
0.6976
0.6827
0.6596
0.6415
0.6238
0.6005
0.5827
0.5643
0.549
0.5367
0.5204
0.5039
0.4914
0.4802
0.4686
0.4582
0.4474
0.4377
0.4299
0.4247
0.4171
0.4066
0.3983
0.3923
0.3894
0.3834
0.3758
0.3713
0.3647
0.358
0.3505
0.3447
0.3429
0.3365
0.3297
0.3232
0.3095
0.2973
0.2895
0.2801
0.2783
0.2756
0.2667
0.256
0.2467
0.2407
0.2383
0.2332
0.2288
0.2231
0.2162
0.2026
0.1961
0.1925
0.1847
0.1775
0.1697
0.1634
0.1529
0.1456
0.1389
0.1322
0.1239
0.1185
0.1115
0.1054
0.0965
0.0886
0.0842
0.0802
0.0752
0.07