1.6662
1.7044
1.7338
1.7695
1.805
1.8318
1.8644
1.886
1.908
1.9243
1.9325
1.9395
1.9622
1.9798
2.0158
2.0474
2.0745
2.0971
2.1435
2.1764
2.2143
2.2384
2.2639
2.2797
2.3194
2.346
2.3534
2.3676
2.3822
2.3927
2.4142
2.4397
2.4537
2.4694
2.4816
2.4867
2.5033
2.5147
2.5161
2.5363
2.5472
2.5613
2.5854
2.5975
2.6273
2.6272
2.6383
2.6563
2.6647
2.6893
2.685
2.7086
2.7241
2.7432
2.7752
2.7958
2.8035
2.8074
2.813
2.8252
2.8482
2.8629
2.8521
2.8786
2.8917
2.9034
2.9036
2.9138
2.9204
2.9344
2.9392
2.9345
2.9343
2.9366
2.9377
2.919
2.9154
2.906
2.8922
2.8882
2.8783
2.8558
2.834
2.8232
2.8213
2.8061
2.7876
2.7752
2.7778
2.7628
2.752
2.7362
2.7154
2.7147
2.6944
2.6925
2.6663
2.6582
2.6491
2.6431
2.6397
2.627
2.6235
2.6074
2.5958
2.596
2.5907
2.5733
2.5597
2.5524
2.5557
2.542
2.5332
2.5141
2.499
2.4766
2.4648
2.4524
2.4452
2.4396
2.4212
2.4249
2.4118
2.3924
2.3846
2.364
2.3496
2.3363
2.3249
2.3067
2.2891
2.28
2.267
2.2512
2.2459
2.2321
2.2084
2.1935
2.1733
2.1563
2.1467
2.1318
2.1269
2.1011
2.0883
2.0725
2.0615
2.044
2.0247
2.0026
1.99
1.9677
1.9595
1.9432
1.9216
1.912
1.8947
1.8771
1.8588
1.8316
1.821
1.8056
1.7865
1.7764
1.7667
1.7576
1.7416
1.7419
1.7293
1.7203
1.7039
1.7008
1.6085
1.6103
1.6017
1.5932
1.586
1.5758
1.5626
1.5502
1.548
1.5415
1.5252
1.5034
1.4916
1.4899
1.4687
1.4549
1.4396
1.4316
1.427
1.4143
1.4009
1.391
1.3775
1.3682
1.3542
1.3457
1.3441
1.3341
1.3245
1.3105
1.3107
1.3027
1.2858
1.2744
1.2599
1.2471
1.2318
1.2121
1.2016
1.1982
1.1845
1.1716
1.1608
1.145
1.1338
1.1113
1.0937
1.0856
1.0771
1.0661
1.0505
1.0416
1.0276
1.02
0.9984
0.991
0.9801
0.9659
0.9692
0.9571
0.9427
0.9322
0.9243
0.9179
0.9098
0.9048
0.8943
0.8836
0.8716
0.8641
0.8518
0.8409
0.8374
0.8348
0.8256
0.817
0.8105
0.7976
0.7932
0.7809
0.7701
0.7609
0.754
0.7409
0.7321
0.7216
0.7099
0.6999
0.6861
0.6752