1.5944
1.634
1.6688
1.6937
1.7331
1.781
1.7978
1.8077
1.8324
1.8667
1.8748
1.9026
1.9177
1.9496
1.975
2.0012
2.0164
2.0298
2.0721
2.0933
2.1086
2.1383
2.1671
2.1855
2.2048
2.2368
2.2533
2.2726
2.2997
2.3244
2.3394
2.3599
2.3703
2.3747
2.3928
2.4108
2.4354
2.4495
2.4667
2.4901
2.5052
2.5249
2.5477
2.5655
2.5737
2.5939
2.6151
2.6261
2.6371
2.6479
2.6672
2.6804
2.7062
2.7239
2.7247
2.7462
2.749
2.7464
2.752
2.7599
2.7666
2.7841
2.7964
2.8059
2.8155
2.8199
2.8365
2.8374
2.8506
2.8667
2.866
2.8707
2.8786
2.8809
2.882
2.8836
2.877
2.8781
2.8814
2.8979
2.8841
2.8769
2.8654
2.8695
2.8657
2.8547
2.8514
2.8399
2.8321
2.8268
2.8259
2.8271
2.8292
2.823
2.8181
2.8354
2.8381
2.8344
2.8333
2.8258
2.8095
2.8076
2.8173
2.806
2.7982
2.786
2.7997
2.7997
2.7832
2.7806
2.7721
2.7707
2.7709
2.7557
2.7365
2.7266
2.7357
2.7332
2.7044
2.7024
2.707
2.7043
2.7044
2.6933
2.6722
2.6756
2.6691
2.6669
2.6588
2.6626
2.6501
2.6362
2.6334
2.6269
2.6051
2.5991
2.5941
2.5747
2.5577
2.5456
2.5254
2.5149
2.4908
2.4667
2.4686
2.4537
2.4419
2.437
2.4126
2.407
2.4082
2.3986
2.3818
2.3673
2.3648
2.3691
2.3641
2.3585
2.3475
2.3342
2.3327
2.3283
2.3111
2.3064
2.3143
2.2966
2.2816
2.2756
2.2693
2.2521
2.2322
2.2225
2.1037
2.1083
2.1107
2.1299
2.1371
2.1471
2.1517
2.1478
2.1388
2.1372
2.156
2.1772
2.1959
2.2048
2.2151
2.2144
2.2065
2.2026
2.1915
2.2036
2.2076
2.2026
2.1976
2.1999
2.2056
2.2085
2.2197
2.2115
2.2255
2.2409
2.2412
2.2447
2.2461
2.2325
2.2554
2.2653
2.2562
2.2698
2.2868
2.2769
2.2673
2.2439
2.2533
2.253
2.2579
2.2668
2.2959
2.2828
2.2671
2.2672
2.2764
2.3047
2.3028
2.3034
2.3045
2.3008
2.307
2.3019
2.2906
2.2964
2.3177
2.2887
2.3045
2.2842
2.2662
2.2956
2.2878
2.3208
2.3145
2.3278
2.3409
2.3508
2.3419
2.3482
2.3572
2.3437
2.3324
2.33
2.3304
2.3279
2.3376
2.3327
2.3165
2.3185
2.3225
2.3092
2.2766
2.2793
2.3028
2.307
2.3129
2.3227
2.3106
2.3142
2.3014
2.2599
2.2784
2.2866