1.5963
1.6314
1.648
1.664
1.683
1.6949
1.7039
1.7151
1.7351
1.751
1.7811
1.7936
1.8023
1.8095
1.8385
1.8465
1.8739
1.889
1.9099
1.9157
1.9406
1.9612
1.9801
1.9961
2.0206
2.0374
2.0367
2.041
2.0548
2.0587
2.0628
2.0605
2.0476
2.0473
2.0639
2.0567
2.0616
2.057
2.0545
2.0573
2.0515
2.0603
2.0548
2.0301
2.0365
2.0317
2.0303
2.0259
2.0188
2.0291
2.0233
2.0112
2.0076
1.9901
1.9798
1.9626
1.9396
1.9265
1.906
1.8841
1.871
1.8578
1.8521
1.8232
1.8171
1.8104
1.7882
1.7656
1.7418
1.7296
1.7042
1.6767
1.6629
1.6469
1.6292
1.6066
1.5903
1.565
1.5548
1.5413
1.5195
1.5089
1.4974
1.4748
1.4584
1.4482
1.43
1.4078
1.3953
1.3782
1.3673
1.356
1.3416
1.3307
1.3151
1.293
1.2605
1.2397
1.2209
1.2037
1.1965
1.1739
1.1481
1.1259
1.1112
1.094
1.07
1.054
1.0284
1.0122
0.998
0.9891
0.9661
0.9501
0.9335
0.9167
0.8988
0.8854
0.8634
0.8507
0.8371
0.8257
0.8127
0.798
0.7838
0.772
0.762
0.7491
0.7367
0.7222
0.704
0.6922
0.6758
0.6633
0.6512
0.6448
0.6353
0.6231
0.6104
0.5969
0.5881
0.5771
0.5659
0.5525
0.5397
0.5328
0.5256
0.5168
0.5069
0.5006
0.4916
0.4831
0.4731
0.4641
0.4515
0.4451
0.4322
0.4247
0.4121
0.4032
0.3975
0.3913
0.382
0.3749
0.3672
0.3594
0.3517
0.3449
0.3339
0.3284
0.3252
0.3185
0.344
0.238
0.2367
0.234
0.2281
0.2303
0.229
0.2277
0.2218
0.2142
0.2077
0.2014
0.1968
0.19
0.1829
0.1776
0.1686
0.1597
0.1539
0.1513
0.1496
0.1478
0.1417
0.1383
0.1287
0.1259
0.1231
0.1182
0.1131
0.1072
0.1021
0.0988
0.0974
0.0956
0.0935
0.0911
0.0886
0.0841
0.0813
0.0779
0.0744
0.0708
0.0648
0.0644
0.0616
0.0585
0.055
0.059
0.0548
0.053
0.052
0.0468
0.0446
0.0434
0.0416
0.0393
0.0373
0.0362
0.0351
0.0333
0.0275
0.027
0.0248
0.0189
0.0165
0.0139
0.0121
0.0122
0.0101
0.0098
0.0098
0.0097
0.0093
0.0088
0.009
0.0036
0.0009
-0.0011
-0.0019
-0.0019
-0.0038
-0.0044
-0.0057
-0.0085
-0.0094
-0.0136
-0.0142
-0.0142
-0.0162
-0.0171
-0.0166
-0.0185
-0.0228
-0.023
-0.0269
-0.0248
-0.0262