1.7839
1.8081
1.8241
1.8674
1.8881
1.9125
1.9333
1.9578
1.9799
2.0153
2.0405
2.0495
2.0673
2.097
2.1345
2.1568
2.1862
2.2188
2.2287
2.2529
2.2858
2.3082
2.3316
2.369
2.3934
2.421
2.4491
2.4751
2.4853
2.501
2.5197
2.5484
2.5718
2.5971
2.6258
2.6458
2.6593
2.6814
2.6982
2.7141
2.7203
2.7425
2.7632
2.7737
2.7863
2.7985
2.7875
2.8071
2.805
2.8098
2.8099
2.8256
2.8338
2.8497
2.8624
2.8645
2.8723
2.8758
2.9
2.9172
2.9283
2.9244
2.9414
2.9519
2.9582
2.9524
2.9701
2.9882
3.0004
3.0134
3.0208
3.0403
3.0369
3.0514
3.0622
3.0549
3.0579
3.0705
3.0647
3.0717
3.0744
3.0912
3.0901
3.0797
3.0709
3.0709
3.0626
3.0594
3.062
3.0413
3.0437
3.0477
3.044
3.036
3.0122
3.0025
3.0027
3.0225
3.0152
3.0081
3.0054
2.9937
2.986
2.9837
2.9753
2.9661
2.941
2.9252
2.9141
2.9124
2.9009
2.8879
2.8828
2.8764
2.8501
2.8372
2.821
2.8144
2.8018
2.7965
2.7714
2.7591
2.7522
2.7437
2.7406
2.7228
2.7029
2.7072
2.6985
2.6925
2.6949
2.6949
2.6781
2.6608
2.6744
2.6708
2.6613
2.6423
2.6211
2.5996
2.592
2.5867
2.5588
2.5566
2.5366
2.5169
2.5092
2.4984
2.4832
2.4582
2.44
2.4254
2.4036
2.3922
2.3868
2.383
2.3594
2.3424
2.3334
2.3283
2.3097
2.3187
2.3132
2.2951
2.2861
2.2798
2.2751
2.2627
2.2407
2.228
2.2344
2.2177
2.0276
2.0223
2.0142
1.9989
1.996
1.9963
1.9723
1.9572
1.9446
1.9335
1.9204
1.8965
1.8771
1.8712
1.8475
1.8298
1.8141
1.795
1.7861
1.7623
1.7362
1.7133
1.688
1.6678
1.6494
1.6268
1.6069
1.585
1.5692
1.5541
1.5352
1.5281
1.5156
1.5139
1.5043
1.4852
1.4718
1.4515
1.4412
1.4281
1.4178
1.4153
1.4003
1.3902
1.3867
1.3725
1.3666
1.3624
1.3471
1.3289
1.3097
1.306
1.294
1.2793
1.2575
1.2493
1.2269
1.2186
1.1943
1.1697
1.169
1.155
1.1493
1.1484
1.1428
1.1335
1.1236
1.1086
1.0849
1.0652
1.0504
1.0368
1.023
1.0182
1.0087
0.9954
0.9857
0.9684
0.9566
0.9477
0.9302
0.9087
0.8897
0.8755
0.867
0.85
0.8345
0.8217
0.8088
0.7894
0.7723
0.7569
0.7415