1.6975
1.7351
1.7602
1.7897
1.8193
1.844
1.891
1.9204
1.9441
1.9647
1.9636
1.9838
1.9973
2.025
2.0498
2.0722
2.1103
2.1374
2.1902
2.2284
2.2492
2.279
2.3131
2.3412
2.3674
2.3735
2.4074
2.4414
2.454
2.4805
2.5069
2.5381
2.5622
2.6026
2.6185
2.6444
2.661
2.6803
2.7049
2.7077
2.7215
2.7399
2.7638
2.7861
2.799
2.803
2.8187
2.8481
2.8546
2.8633
2.8664
2.8826
2.908
2.9316
2.9526
2.9581
2.9588
2.9722
2.9819
2.9738
2.979
3.0067
3.0274
3.0391
3.0395
3.0525
3.0665
3.0656
3.0703
3.0737
3.0735
3.0811
3.0828
3.088
3.0782
3.0865
3.0861
3.0956
3.0928
3.0887
3.0991
3.0939
3.0932
3.0942
3.0882
3.0784
3.068
3.0632
3.0523
3.0565
3.0375
3.038
3.0395
3.026
3.0321
3.0455
3.0344
3.0246
3.0121
3.016
3.0007
2.9836
2.9694
2.9652
2.9618
2.9712
2.9606
2.9521
2.9511
2.9595
2.9538
2.9348
2.9263
2.9349
2.9162
2.9124
2.9061
2.8933
2.8863
2.8572
2.8395
2.8216
2.818
2.8097
2.795
2.78
2.7723
2.7581
2.7617
2.7605
2.7579
2.7419
2.7459
2.7384
2.7239
2.7042
2.6897
2.6653
2.6424
2.6264
2.6015
2.596
2.5888
2.5827
2.5589
2.5483
2.5318
2.5272
2.5121
2.5083
2.4972
2.4842
2.4726
2.4726
2.4692
2.4491
2.4244
2.415
2.3998
2.3862
2.3814
2.3641
2.3561
2.3494
2.3417
2.3259
2.3183
2.3001
2.2824
2.2813
2.2719
2.2635
2.2017
2.18
2.164
2.1744
2.2006
2.2005
2.2123
2.2243
2.2318
2.2447
2.2511
2.2536
2.2588
2.2653
2.2778
2.2752
2.2722
2.2807
2.285
2.2949
2.2986
2.2875
2.2936
2.3019
2.3067
2.3012
2.3097
2.3016
2.3162
2.3181
2.3328
2.3375
2.3521
2.3575
2.3713
2.3825
2.3929
2.3904
2.3931
2.3881
2.3892
2.4011
2.395
2.3924
2.3914
2.3891
2.3845
2.4002
2.4149
2.4138
2.423
2.4196
2.4087
2.4086
2.4164
2.4227
2.4043
2.4169
2.3982
2.4302
2.3999
2.4069
2.3913
2.3753
2.4503
2.448
2.4278
2.4326
2.4414
2.4556
2.4708
2.4774
2.4753
2.4651
2.4638
2.4647
2.4632
2.4666
2.4749
2.4682
2.4649
2.4718
2.4701
2.473
2.4721
2.474
2.4716
2.4777
2.4732
2.4732
2.4572
2.449
2.4481
2.4394
2.4358
2.4367