1.5894
1.6277
1.6638
1.6986
1.7369
1.7675
1.8048
1.8277
1.8386
1.8616
1.8957
1.916
1.9444
1.9686
2.0074
2.0466
2.0701
2.1029
2.1437
2.1797
2.2102
2.236
2.2532
2.2681
2.2805
2.3104
2.3516
2.3637
2.3921
2.4185
2.4265
2.4559
2.4806
2.4937
2.5177
2.5412
2.5385
2.5601
2.5803
2.602
2.6081
2.6196
2.6353
2.6449
2.6524
2.6658
2.684
2.6961
2.7104
2.7325
2.7403
2.7456
2.749
2.74
2.7368
2.7296
2.7206
2.7356
2.7547
2.7735
2.7851
2.7924
2.7897
2.7911
2.805
2.8032
2.8029
2.8026
2.8096
2.7978
2.7936
2.7886
2.7967
2.8019
2.8031
2.7875
2.768
2.7638
2.7625
2.751
2.7469
2.7276
2.7292
2.7155
2.7152
2.6941
2.6937
2.6688
2.6534
2.6332
2.6254
2.6224
2.6005
2.5893
2.5814
2.5643
2.5553
2.548
2.5345
2.52
2.4857
2.466
2.4363
2.4178
2.3916
2.3671
2.3424
2.321
2.2968
2.2645
2.2279
2.2086
2.1792
2.152
2.1309
2.1183
2.1106
2.0903
2.0605
2.0361
2.0202
2.0085
1.9948
1.9744
1.9488
1.93
1.9059
1.8943
1.8837
1.8718
1.8576
1.8335
1.8151
1.7931
1.7515
1.724
1.7048
1.6854
1.6653
1.6363
1.6217
1.6094
1.596
1.5713
1.5508
1.5352
1.5111
1.4954
1.4704
1.4497
1.4247
1.413
1.3896
1.3661
1.3475
1.3265
1.3053
1.2807
1.2654
1.2407
1.2338
1.2184
1.2052
1.188
1.171
1.1524
1.1279
1.1064
1.0863
1.0656
1.0439
1.0239
0.6894
0.6718
0.661
0.6496
0.6482
0.641
0.6352
0.6189
0.6082
0.598
0.5888
0.578
0.5626
0.5506
0.5435
0.5347
0.5251
0.5172
0.5052
0.4971
0.4925
0.4819
0.4767
0.4661
0.4577
0.4452
0.4374
0.43
0.4214
0.4139
0.4063
0.3989
0.3919
0.3861
0.377
0.3652
0.3587
0.352
0.3469
0.3384
0.3295
0.3207
0.3112
0.3008
0.2911
0.2857
0.2794
0.2666
0.256
0.246
0.2391
0.2312
0.2221
0.214
0.1971
0.1818
0.1685
0.1575
0.146
0.1419
0.1372
0.1311
0.125
0.1205
0.113
0.1068
0.103
0.0971
0.0933
0.0892
0.0816
0.0748
0.0695
0.0651
0.062
0.0543
0.051
0.0437
0.0371
0.0305
0.0279
0.0202
0.017
0.0188
0.0154
0.0135
0.0105
0.0083
0.0038
0.0005