1.5733
1.5896
1.6286
1.6613
1.6868
1.7037
1.7417
1.7641
1.7789
1.8134
1.8212
1.8448
1.8652
1.8826
1.9073
1.9363
1.9655
1.9862
2.0052
2.0391
2.0739
2.1201
2.1412
2.1804
2.2019
2.2242
2.2584
2.2742
2.2873
2.3122
2.3291
2.343
2.3686
2.3976
2.4094
2.4269
2.4477
2.4608
2.4762
2.4778
2.4949
2.5134
2.5281
2.5432
2.5596
2.5752
2.5983
2.6142
2.6257
2.6456
2.6633
2.6867
2.7108
2.7242
2.7426
2.7698
2.7774
2.7865
2.8058
2.8209
2.8647
2.8638
2.8797
2.886
2.9128
2.9032
2.9146
2.9362
2.9392
2.9511
2.9577
2.9634
2.9861
3.0278
3.0251
3.041
3.0409
3.0661
3.069
3.0709
3.0881
3.0997
3.1004
3.105
3.1011
3.1098
3.1142
3.1193
3.1141
3.1144
3.1067
3.1042
3.1082
3.1167
3.1345
3.1403
3.1449
3.1358
3.1453
3.1546
3.1707
3.1627
3.1722
3.1772
3.1843
3.1685
3.1795
3.1987
3.1866
3.1907
3.1963
3.1985
3.2027
3.1774
3.1961
3.1835
3.1856
3.1685
3.1577
3.156
3.1456
3.1477
3.1607
3.162
3.1673
3.1637
3.1476
3.1581
3.1641
3.1519
3.1293
3.1109
3.1111
3.093
3.0847
3.067
3.0703
3.0781
3.0813
3.0692
3.0628
3.0587
3.0557
3.0458
3.0407
3.0268
3.0137
3.0136
2.9957
2.9822
2.9698
2.9581
2.9283
2.9089
2.8901
2.8643
2.843
2.8204
2.7967
2.7703
2.7422
2.7165
2.693
2.6748
2.6538
2.6371
2.6154
2.596
2.5664
2.5433
2.5321
2.4939
2.4466
2.2145
2.1889
2.1453
2.1273
2.0934
2.0936
2.0749
2.0394
2.0108
1.9822
1.9588
1.9348
1.919
1.896
1.8676
1.8409
1.805
1.7724
1.7357
1.6913
1.6589
1.6208
1.5813
1.5333
1.484
1.4374
1.4017
1.374
1.3371
1.2978
1.2495
1.2153
1.1825
1.1456
1.1086
1.0785
1.0447
1.0147
0.9883
0.9647
0.9372
0.9146
0.8929
0.8672
0.8467
0.8288
0.8136
0.7943
0.7789
0.7646
0.7541
0.7415
0.7259
0.7182
0.7063
0.6907
0.679
0.6646
0.6561
0.6439
0.6295
0.6186
0.5972
0.5788
0.5518
0.5297
0.5213
0.5131
0.4977
0.4761
0.4635
0.4529
0.4464
0.4391
0.4289
0.4191
0.4048
0.3898
0.3747
0.3621
0.3494
0.3332
0.3216
0.3083
0.2964
0.2824
0.2712
0.2577
0.2455
0.2346
0.2233
0.2106
0.2
0.1904
0.1818
0.1713
0.1635
0.1548