1.6136
1.6495
1.6803
1.7016
1.7255
1.7485
1.7684
1.7869
1.8061
1.8282
1.8355
1.8623
1.8868
1.9132
1.9389
1.9811
2.0171
2.0669
2.0992
2.1171
2.1489
2.1654
2.1794
2.1976
2.2043
2.2337
2.264
2.3088
2.3352
2.3611
2.3913
2.404
2.4225
2.4302
2.4447
2.472
2.4802
2.4844
2.4975
2.5038
2.5221
2.5451
2.5532
2.5524
2.5646
2.59
2.6008
2.6036
2.6259
2.6371
2.6488
2.6589
2.6647
2.6667
2.6827
2.7028
2.7065
2.706
2.7149
2.7033
2.7164
2.7213
2.7353
2.7341
2.7513
2.7616
2.7695
2.7865
2.7974
2.7984
2.8005
2.8187
2.8276
2.8242
2.8256
2.8331
2.8123
2.8008
2.7929
2.7811
2.765
2.7752
2.7679
2.759
2.7502
2.7566
2.7593
2.7427
2.7398
2.7306
2.7319
2.733
2.7173
2.7275
2.7277
2.7201
2.7051
2.695
2.6739
2.6572
2.6549
2.6601
2.6403
2.6197
2.6164
2.6095
2.5997
2.5744
2.5701
2.5609
2.5556
2.5469
2.5312
2.5207
2.5097
2.4935
2.4768
2.4725
2.4589
2.4399
2.4207
2.4094
2.3921
2.3756
2.3602
2.3384
2.3276
2.3251
2.3202
2.3086
2.2892
2.2702
2.2571
2.2276
2.2064
2.1975
2.1752
2.1618
2.1437
2.1228
2.109
2.0783
2.0529
2.0223
1.9986
1.9815
1.9608
1.9454
1.9258
1.9088
1.9061
1.8933
1.8784
1.8736
1.8599
1.8411
1.8234
1.8082
1.7921
1.7776
1.7656
1.7498
1.734
1.7195
1.7163
1.7067
1.6943
1.6817
1.6617
1.6469
1.6339
1.6187
1.359
1.3797
1.3793
1.3719
1.3606
1.3504
1.3512
1.3451
1.3411
1.3414
1.3464
1.3509
1.3487
1.3561
1.3517
1.3529
1.3477
1.3437
1.3428
1.3328
1.3085
1.2895
1.2744
1.25
1.2297
1.1978
1.1704
1.1405
1.1074
1.0881
1.0661
1.0327
1.0116
0.9835
0.9623
0.9368
0.9134
0.8859
0.8616
0.8484
0.8283
0.8104
0.7846
0.7677
0.7484
0.7253
0.707
0.691
0.6756
0.6624
0.6458
0.636
0.6209
0.6086
0.5993
0.5879
0.5825
0.574
0.564
0.5525
0.5445
0.5369
0.5363
0.535
0.5326
0.5296
0.5289
0.5271
0.526
0.529
0.5257
0.5249
0.5222
0.5145
0.5112
0.5031
0.5001
0.4875
0.4813
0.4763
0.4673
0.4616
0.4485
0.4391
0.4289
0.4199
0.4101
0.3984
0.3848
0.3716
0.3568
0.3463
0.3344