1.5528
1.5829
1.6094
1.6298
1.6366
1.6484
1.6687
1.6803
1.6884
1.6956
1.7167
1.7379
1.7472
1.761
1.7687
1.7985
1.8191
1.8428
1.8622
1.8925
1.919
1.9471
1.9657
1.9758
2.0005
2.0189
2.0533
2.0858
2.098
2.1064
2.1228
2.1447
2.1531
2.1716
2.1791
2.1955
2.2201
2.2291
2.2504
2.2735
2.2856
2.3032
2.3307
2.3408
2.3519
2.3544
2.3628
2.3935
2.4028
2.4162
2.4331
2.4543
2.4641
2.4888
2.5059
2.519
2.5453
2.5549
2.5761
2.5872
2.6
2.6082
2.6076
2.6242
2.6304
2.6443
2.6715
2.6913
2.7052
2.7246
2.7448
2.7532
2.7681
2.7534
2.7613
2.7845
2.7994
2.8148
2.81
2.8354
2.8474
2.8563
2.8627
2.8724
2.8839
2.9085
2.9066
2.9317
2.9309
2.9308
2.9513
2.9781
2.9963
3.0142
3.0312
3.0331
3.0442
3.0576
3.0775
3.0954
3.099
3.1179
3.1352
3.1394
3.1472
3.1672
3.172
3.1759
3.2105
3.2211
3.2249
3.2609
3.2767
3.2911
3.3088
3.3115
3.3229
3.3285
3.3281
3.3498
3.3816
3.4178
3.4253
3.4547
3.4679
3.4816
3.5135
3.5066
3.5229
3.5397
3.5529
3.5521
3.5689
3.5841
3.6048
3.6301
3.6842
3.6976
3.7143
3.7229
3.7279
3.7347
3.719
3.7073
3.736
3.7418
3.7763
3.7803
3.7895
3.8153
3.8231
3.8364
3.8491
3.8555
3.8635
3.8892
3.916
3.9302
3.9236
3.9248
3.9624
3.9746
3.9823
3.9838
4.0098
4.0229
4.0405
4.0552
4.059
4.0871
4.1104
4.1043
4.0072
4.0452
4.0552
4.1273
4.1717
4.1587
4.0647
4.1442
4.1354
4.1463
4.21
4.2047
4.2014
4.2187
4.2898
4.3274
4.3609
4.3727
4.3914
4.4127
4.4206
4.4285
4.4586
4.4567
4.4607
4.4558
4.4491
4.4583
4.4766
4.4798
4.5047
4.5167
4.5028
4.5195
4.5481
4.5404
4.5444
4.5728
4.5804
4.5841
4.6195
4.625
4.6418
4.6574
4.6426
4.6343
4.6427
4.6668
4.6625
4.6532
4.6652
4.6845
4.6727
4.6738
4.6684
4.6736
4.6841
4.6852
4.6862
4.6845
4.6992
4.701
4.7031
4.681
4.7058
4.7086
4.6681
4.6822
4.6574
4.657
4.6411
4.6688
4.697
4.6958
4.7067
4.6941
4.6903
4.6985
4.6869
4.6742
4.6789
4.6791
4.6694
4.6667
4.6593
4.6509
4.6511
4.6304
4.6102
4.6124
4.608
4.5933
4.6006
4.5962
4.5973
4.5888
4.5698
4.5562
4.5525
4.5548
4.5313
4.55