1.6165
1.6541
1.6862
1.7078
1.7529
1.764
1.8062
1.8339
1.8593
1.8589
1.8725
1.8953
1.9126
1.9435
1.9761
1.9913
2.0166
2.049
2.0794
2.1144
2.1422
2.1686
2.2033
2.2287
2.254
2.2814
2.3094
2.3189
2.3311
2.3535
2.3726
2.383
2.3927
2.4126
2.4182
2.4203
2.4384
2.4355
2.453
2.4718
2.4935
2.5165
2.5248
2.5293
2.54
2.5603
2.5825
2.5956
2.5987
2.6308
2.6467
2.6653
2.6822
2.7039
2.7227
2.7284
2.7235
2.741
2.7536
2.7626
2.7783
2.7894
2.7858
2.7941
2.7867
2.7851
2.7882
2.7823
2.7857
2.8007
2.8087
2.8185
2.8377
2.8471
2.8367
2.8446
2.8479
2.8368
2.8323
2.8597
2.8613
2.8548
2.8572
2.8602
2.8662
2.8713
2.8717
2.8724
2.8761
2.8653
2.8647
2.8688
2.8732
2.8741
2.8697
2.8752
2.8686
2.8643
2.8589
2.8428
2.8446
2.8351
2.8129
2.79
2.7953
2.7983
2.7992
2.7966
2.7886
2.7823
2.7766
2.7812
2.7891
2.8077
2.805
2.7962
2.7866
2.7717
2.7674
2.7719
2.764
2.7601
2.7619
2.7509
2.7399
2.7339
2.7231
2.7044
2.7049
2.6866
2.6682
2.678
2.6665
2.6481
2.6445
2.6419
2.6394
2.6297
2.6223
2.6277
2.6026
2.5851
2.5697
2.5582
2.5571
2.5505
2.5518
2.5384
2.5242
2.5079
2.4872
2.463
2.4683
2.4541
2.4169
2.405
2.412
2.405
2.3799
2.3774
2.3648
2.3509
2.3499
2.343
2.3404
2.3251
2.3215
2.3277
2.3134
2.3035
2.2986
2.277
2.265
2.2624
2.2736
2.264
2.2526
2.2474
2.2692
2.2784
2.2902
2.2943
2.2983
2.311
2.3179
2.3227
2.3307
2.3434
2.3479
2.3461
2.3353
2.3302
2.3569
2.3458
2.3482
2.3562
2.3461
2.3461
2.3378
2.335
2.3405
2.3507
2.3635
2.3735
2.367
2.3649
2.3691
2.3747
2.3766
2.4055
2.3966
2.3817
2.3924
2.3962
2.3949
2.3861
2.385
2.3598
2.3652
2.383
2.3921
2.3853
2.4016
2.3954
2.3807
2.3861
2.408
2.4089
2.403
2.4079
2.4216
2.4035
2.4061
2.3885
2.3804
2.4024
2.4127
2.4468
2.4653
2.477
2.4888
2.4841
2.4818
2.4692
2.4537
2.4513
2.4704
2.4585
2.451
2.4491
2.44
2.4469
2.4605
2.4592
2.4634
2.4564
2.4501
2.4408
2.4394
2.4477
2.4444
2.4541
2.4584
2.4498
2.4303
2.4406
2.4424
2.4572