1.4486
1.4792
1.5008
1.5373
1.5616
1.5898
1.6108
1.621
1.646
1.6694
1.6871
1.704
1.7197
1.7519
1.7721
1.8005
1.8253
1.8469
1.8898
1.9197
1.9382
1.9674
2.0079
2.0127
2.0354
2.0527
2.0852
2.1085
2.1332
2.147
2.1758
2.1886
2.2094
2.2275
2.2545
2.2677
2.2726
2.2964
2.3098
2.3201
2.3459
2.3684
2.3889
2.4138
2.4378
2.4669
2.4711
2.4935
2.4942
2.5199
2.5268
2.5378
2.5594
2.5867
2.5872
2.6014
2.6109
2.6477
2.6594
2.6778
2.689
2.707
2.7161
2.7212
2.7441
2.7519
2.7584
2.7719
2.7782
2.7935
2.8142
2.8243
2.8351
2.849
2.8489
2.8607
2.8687
2.8606
2.8839
2.8888
2.8974
2.9009
2.8951
2.9048
2.9188
2.9362
2.9357
2.9318
2.9619
2.9749
2.9843
2.9845
2.9916
2.9941
3.0097
3.0258
3.042
3.0542
3.0558
3.0639
3.0944
3.1
3.0992
3.1
3.094
3.0876
3.0754
3.0777
3.0699
3.0633
3.0707
3.0784
3.0947
3.1067
3.1149
3.114
3.1223
3.1387
3.1373
3.1282
3.1374
3.1409
3.1286
3.1225
3.1424
3.1411
3.1462
3.1382
3.1594
3.1525
3.131
3.1459
3.1405
3.1324
3.1137
3.1255
3.1131
3.1142
3.1283
3.1191
3.1187
3.1115
3.1318
3.1168
3.1188
3.1106
3.1197
3.1196
3.1178
3.1137
3.095
3.0872
3.0774
3.0676
3.0752
3.0626
3.0653
3.0585
3.0496
3.0541
3.0541
3.0597
3.0504
3.0528
3.0397
3.0413
3.0443
3.0506
3.0314
3.0276
3.0083
2.9968
2.8917
2.6703
2.6539
2.6105
2.5803
2.6064
2.622
2.5682
2.5222
2.496
2.486
2.4975
2.5001
2.4921
2.4744
2.4367
2.4256
2.4268
2.4025
2.4069
2.3677
2.3381
2.3115
2.2796
2.2685
2.2375
2.1982
2.1644
2.1317
2.098
2.0648
2.0177
1.9783
1.9433
1.9156
1.8831
1.8345
1.8048
1.7648
1.7271
1.6811
1.6408
1.6041
1.5565
1.5109
1.4799
1.439
1.4114
1.3776
1.3457
1.3121
1.2799
1.2556
1.2283
1.2047
1.1777
1.1479
1.126
1.1033
1.083
1.0547
1.0296
1.0095
0.9785
0.9483
0.9216
0.8941
0.8739
0.8736
0.8579
0.8377
0.8149
0.7989
0.7885
0.7726
0.7634
0.7511
0.733
0.715
0.696
0.6765
0.6615
0.642
0.6204
0.5991
0.5818
0.5618
0.5477
0.5312
0.517
0.4962
0.479
0.4613
0.4451
0.4312
0.4141
0.4004
0.3822
0.3667