1.4862
1.5151
1.5397
1.5789
1.612
1.6349
1.6563
1.6793
1.7176
1.724
1.7538
1.7878
1.8155
1.8415
1.8658
1.9137
1.9603
1.9924
2.0163
2.0505
2.0693
2.0971
2.1295
2.1408
2.1779
2.2026
2.2088
2.2322
2.2431
2.2596
2.2783
2.3009
2.3429
2.3459
2.3677
2.38
2.4061
2.4186
2.4373
2.4556
2.4669
2.488
2.5011
2.5287
2.5434
2.5537
2.5781
2.5958
2.6131
2.6242
2.6432
2.6521
2.6529
2.6623
2.6738
2.6826
2.6941
2.7212
2.7435
2.7329
2.7311
2.7456
2.7453
2.7421
2.7372
2.746
2.7621
2.7663
2.7791
2.79
2.7862
2.7979
2.8079
2.8144
2.8216
2.8189
2.8229
2.8218
2.8179
2.8228
2.8205
2.8261
2.8214
2.8193
2.8232
2.8151
2.8079
2.8154
2.7988
2.794
2.7821
2.786
2.7856
2.7956
2.7911
2.786
2.7703
2.7725
2.7682
2.7573
2.7626
2.7604
2.7374
2.7342
2.7287
2.7192
2.7129
2.7085
2.7203
2.7179
2.7031
2.7086
2.7048
2.6993
2.6931
2.6828
2.6679
2.6641
2.6659
2.6717
2.664
2.6586
2.644
2.6418
2.6518
2.638
2.6322
2.622
2.6173
2.6075
2.6018
2.6086
2.598
2.5753
2.5636
2.5537
2.5344
2.5301
2.5281
2.5085
2.4963
2.4785
2.461
2.4495
2.4367
2.4441
2.4304
2.4084
2.3966
2.3934
2.3929
2.3873
2.3763
2.3504
2.3322
2.3179
2.3081
2.2977
2.286
2.2735
2.2618
2.259
2.2492
2.236
2.2339
2.222
2.2182
2.2153
2.1969
2.1791
2.1676
2.1682
2.0108
1.9952
1.9848
1.9744
1.9738
2.0379
2.053
2.0106
1.9801
1.9975
2.0498
2.084
2.0864
2.0801
2.0674
2.0613
2.0849
2.1052
2.1144
2.1109
2.1142
2.1193
2.122
2.1231
2.1166
2.116
2.1155
2.1209
2.1322
2.1406
2.1453
2.1463
2.1535
2.1474
2.1406
2.154
2.1558
2.1482
2.149
2.1505
2.1493
2.1525
2.1566
2.1512
2.1428
2.1509
2.1504
2.1467
2.1371
2.1353
2.1217
2.119
2.1043
2.1086
2.1037
2.1003
2.0977
2.0822
2.0792
2.0781
2.0576
2.0711
2.045
2.0299
2.0132
1.9905
2.0028
2.0414
2.0345
2.017
1.9996
1.9989
2.002
2.0107
2.0225
2.0275
2.0195
2.0158
2.0056
2.0137
2.0166
2.0119
2.013
2.0186
2.0148
2.0144
2.0122
2.0169
2.0122
2.0049
2.0023
1.9994
1.9942
1.9869
1.9876
1.9873
1.9861
1.9806