1.5332
1.562
1.5927
1.6078
1.6165
1.6177
1.6227
1.6262
1.636
1.6452
1.6503
1.6652
1.6603
1.6713
1.7049
1.7078
1.7208
1.7441
1.7603
1.777
1.7902
1.8076
1.8243
1.8333
1.8443
1.8518
1.8667
1.8608
1.8746
1.8875
1.9017
1.9002
1.9128
1.9034
1.9268
1.9292
1.9377
1.9393
1.936
1.9293
1.9397
1.9439
1.9478
1.9431
1.9318
1.9306
1.9264
1.9378
1.947
1.9292
1.9227
1.9229
1.9223
1.9116
1.9234
1.9099
1.9015
1.8957
1.8869
1.8766
1.8769
1.8632
1.8463
1.8469
1.8287
1.8124
1.7974
1.7782
1.7665
1.7622
1.7417
1.7226
1.6969
1.671
1.6432
1.6096
1.5884
1.5627
1.5344
1.5028
1.479
1.4521
1.4234
1.3894
1.369
1.3418
1.3087
1.2724
1.2576
1.2346
1.2174
1.2017
1.1833
1.1507
1.1301
1.1154
1.096
1.0818
1.0521
1.0339
1.0132
0.9867
0.9688
0.9482
0.9275
0.9119
0.8952
0.8774
0.8664
0.8548
0.8415
0.8295
0.8113
0.7991
0.789
0.7762
0.7618
0.7432
0.7299
0.7144
0.7003
0.6908
0.6795
0.668
0.6497
0.6321
0.6218
0.6099
0.5941
0.5855
0.5784
0.5693
0.5592
0.5481
0.5374
0.5256
0.5184
0.5136
0.5034
0.4959
0.4864
0.4783
0.4722
0.4631
0.455
0.4469
0.4378
0.4281
0.42
0.4093
0.4017
0.3943
0.3844
0.3797
0.3718
0.3649
0.3573
0.348
0.3395
0.3304
0.3177
0.3086
0.299
0.2898
0.2856
0.2835
0.2768
0.2684
0.261
0.2511
0.2446
0.2386
0.2983
0.1618
0.1583
0.1508
0.1428
0.1441
0.143
0.1363
0.1311
0.1242
0.1187
0.1123
0.103
0.0972
0.0942
0.088
0.0856
0.0821
0.0777
0.0705
0.0634
0.0559
0.051
0.0462
0.0397
0.0365
0.0307
0.0294
0.0252
0.0221
0.0168
0.0087
0.0084
0.0075
0.0052
0.0034
-0.0018
-0.0034
-0.007
-0.0133
-0.0182
-0.0218
-0.0217
-0.021
-0.0213
-0.026
-0.0283
-0.0317
-0.0327
-0.0331
-0.0347
-0.0376
-0.0442
-0.0474
-0.0494
-0.0494
-0.0499
-0.0519
-0.0552
-0.0596
-0.0631
-0.0651
-0.0682
-0.0742
-0.0756
-0.0759
-0.0756
-0.0786
-0.0779
-0.0791
-0.0803
-0.0828
-0.0844
-0.0851
-0.0863
-0.0876
-0.0888
-0.0894
-0.0894
-0.0944
-0.0958
-0.0982
-0.0981
-0.1006
-0.1016
-0.1012
-0.1035
-0.1056
-0.1068
-0.1079
-0.1071
-0.1092
-0.1113
-0.1127
-0.1154
-0.1167
-0.1178