1.4267
1.4738
1.5022
1.5198
1.5569
1.5875
1.6032
1.6219
1.6548
1.6795
1.6908
1.7067
1.7391
1.7553
1.79
1.8114
1.8273
1.8656
1.9027
1.9234
1.9498
1.9852
1.999
2.013
2.0171
2.0452
2.0699
2.1073
2.1272
2.1505
2.1602
2.1716
2.19
2.2034
2.2422
2.2593
2.2711
2.2926
2.2952
2.3187
2.3369
2.3499
2.3576
2.3593
2.3774
2.3883
2.4013
2.4301
2.4396
2.4573
2.4768
2.4981
2.51
2.5295
2.5479
2.5489
2.5609
2.5727
2.569
2.5757
2.5899
2.6049
2.6154
2.6246
2.6323
2.6451
2.6547
2.6499
2.6557
2.6701
2.6712
2.6711
2.6605
2.67
2.6773
2.6723
2.6721
2.6729
2.667
2.6756
2.6878
2.6872
2.6879
2.6976
2.6932
2.6929
2.6827
2.6744
2.674
2.674
2.6764
2.6678
2.6639
2.6629
2.6669
2.664
2.654
2.6478
2.6456
2.6503
2.6497
2.6437
2.6344
2.6196
2.6156
2.6018
2.6057
2.6016
2.6006
2.5898
2.5828
2.5761
2.579
2.5806
2.5967
2.6001
2.5937
2.5857
2.5809
2.573
2.5683
2.569
2.5673
2.5654
2.549
2.5316
2.5349
2.523
2.5235
2.5194
2.5118
2.5107
2.5063
2.4964
2.4828
2.4711
2.4701
2.4647
2.46
2.4495
2.445
2.43
2.4129
2.3967
2.3839
2.3676
2.3549
2.3486
2.3364
2.3207
2.3051
2.2962
2.2803
2.273
2.2658
2.2625
2.258
2.2511
2.2324
2.2327
2.2323
2.2218
2.205
2.2011
2.2
2.2041
2.1995
2.1916
2.1826
2.1751
2.1691
2.1634
2.1606
2.1268
2.0791
2.0692
2.0909
2.0805
2.0826
2.0929
2.0997
2.0956
2.0931
2.0836
2.0807
2.0843
2.0882
2.0904
2.0961
2.0991
2.0963
2.0883
2.0896
2.0852
2.0862
2.0808
2.0675
2.0698
2.0705
2.076
2.0683
2.0642
2.0751
2.0748
2.0704
2.0698
2.0744
2.0657
2.0594
2.057
2.0602
2.0599
2.0682
2.0635
2.0652
2.0622
2.0671
2.0642
2.0642
2.0612
2.0574
2.0598
2.0612
2.0625
2.068
2.065
2.0615
2.0518
2.051
2.0517
2.0429
2.0472
2.0306
2.0486
2.0177
2.0112
1.9903
1.9824
2.036
2.0376
2.0279
2.0288
2.0321
2.0347
2.0408
2.0398
2.0401
2.0426
2.0356
2.0209
2.0137
2.0076
2.0132
2.018
2.0145
2.0098
2.0063
2.0133
2.0028
2.0021
1.9967
2.0026
1.9922
1.9895
1.9949
1.9886
1.9842
1.9818
1.9812
1.9749