2.0817
2.1059
2.1191
2.1298
2.1376
2.1479
2.1651
2.179
2.1954
2.1969
2.2068
2.2212
2.2374
2.2418
2.2585
2.2661
2.2759
2.3038
2.3197
2.3375
2.3475
2.3572
2.363
2.37
2.399
2.3989
2.4178
2.4126
2.4466
2.4269
2.4463
2.4572
2.4787
2.4793
2.4798
2.4847
2.5178
2.5073
2.5239
2.5292
2.5461
2.5672
2.5884
2.5912
2.6101
2.5956
2.5989
2.6115
2.6223
2.6323
2.6323
2.6433
2.6482
2.6376
2.6471
2.6555
2.6667
2.6959
2.7239
2.7343
2.757
2.7637
2.7625
2.7643
2.7752
2.7862
2.801
2.7867
2.8283
2.8422
2.8622
2.8819
2.8749
2.8798
2.8799
2.8946
2.91
2.925
2.9286
2.9315
2.9284
2.9524
2.9508
2.9568
2.976
2.9804
3.0048
3.0102
3.0236
3.0325
3.0237
3.046
3.049
3.058
3.0708
3.0946
3.1028
3.1024
3.1171
3.1156
3.1189
3.1282
3.1454
3.1928
3.2287
3.2358
3.227
3.2556
3.2813
3.3051
3.3223
3.3527
3.36
3.3656
3.388
3.4279
3.4504
3.477
3.4867
3.486
3.4814
3.5298
3.5759
3.5937
3.607
3.6372
3.6562
3.6731
3.6758
3.7053
3.7493
3.7451
3.7538
3.7814
3.8159
3.8319
3.8299
3.8286
3.8436
3.8739
3.8845
3.9
3.9018
3.8968
3.9121
3.9181
3.9283
3.9697
3.9731
3.9991
4.0011
4.0099
4.0447
4.0527
4.0559
4.0646
4.1075
4.1233
4.1338
4.1597
4.1701
4.1863
4.1957
4.2079
4.2205
4.212
4.211
4.2079
4.2347
4.2647
4.2879
4.2944
4.5074
4.5382
4.5554
4.6202
4.6265
4.6544
4.7679
4.7735
4.753
4.758
4.7522
4.7648
4.7663
4.8267
4.8348
4.8984
4.889
4.9111
4.9454
4.9463
4.9232
4.9291
4.9266
4.8975
4.9028
4.9176
4.9332
4.9094
4.914
4.9021
4.9064
4.9015
4.9386
4.9414
4.992
4.9855
4.9855
4.9744
4.9734
4.9825
4.9884
4.9721
5.0002
5.0105
5.0389
4.9975
5.0067
5.0036
5.038
5.0375
5.0309
5.0444
5.0436
5.0198
5.0526
5.056
5.0474
5.0533
5.07
5.0437
5.0599
5.068
5.103
5.1036
5.1005
5.0438
5.0625
5.0242
5.0635
5.0737
5.0323
5.065
5.0445
5.0145
5.02
4.992
4.9768
4.9884
4.9652
4.9684
4.9791
4.9863
4.9733
4.9528
4.959
4.9585
4.9736
4.9631
4.9599
4.955
4.9311
4.9524
4.9504
4.9356
4.9535
4.9395
4.9303
4.9271
4.9286
4.9438
4.9239
4.9166