1.4852
1.5308
1.595
1.6391
1.6876
1.7308
1.7691
1.8017
1.8212
1.8578
1.8934
1.9331
1.9684
1.9977
2.0362
2.0755
2.1137
2.1503
2.1994
2.2431
2.2898
2.3163
2.3525
2.3753
2.3923
2.4362
2.4605
2.5015
2.5267
2.5572
2.5824
2.6104
2.6238
2.6412
2.6796
2.6893
2.697
2.7131
2.7375
2.7565
2.7678
2.7952
2.8085
2.8194
2.8409
2.8395
2.8398
2.8268
2.8395
2.8682
2.883
2.897
2.8994
2.9004
2.8663
2.8617
2.8577
2.852
2.8633
2.8692
2.8541
2.815
2.8131
2.8111
2.7953
2.7912
2.7646
2.727
2.7032
2.7109
2.6934
2.6792
2.656
2.6284
2.5951
2.5904
2.5628
2.5324
2.5107
2.4779
2.4591
2.4617
2.4574
2.4308
2.4133
2.3861
2.3688
2.3451
2.329
2.3187
2.3084
2.2873
2.2531
2.2238
2.1901
2.1675
2.1373
2.1025
2.0744
2.0596
2.0268
1.9926
1.9536
1.939
1.9104
1.887
1.8523
1.8303
1.8075
1.774
1.7476
1.7197
1.674
1.6344
1.6106
1.5921
1.5725
1.5477
1.5171
1.4773
1.4512
1.4396
1.4209
1.4191
1.4056
1.3958
1.3667
1.333
1.303
1.2862
1.277
1.2547
1.2312
1.2085
1.1896
1.1761
1.1515
1.1397
1.1241
1.1015
1.0794
1.0675
1.0407
1.0182
1.0066
0.984
0.9614
0.9459
0.9255
0.9113
0.8945
0.8806
0.8676
0.8431
0.8249
0.8091
0.7946
0.7745
0.7524
0.7361
0.723
0.7057
0.687
0.667
0.6501
0.6257
0.6238
0.635
0.6282
0.6142
0.597
0.5865
0.5478
0.4858
0.4813
0.4734
0.4675
0.4597
0.4474
0.4469
0.4376
0.4353
0.4293
0.4214
0.4116
0.4093
0.4084
0.412
0.4051
0.4062
0.4063
0.3996
0.3981
0.4008
0.3884
0.39
0.3863
0.3738
0.3728
0.374
0.3672
0.3677
0.3587
0.353
0.3455
0.3408
0.3401
0.3383
0.3308
0.329
0.3229
0.322
0.3155
0.3065
0.2937
0.2872
0.2876
0.2808
0.2745
0.267
0.2615
0.2564
0.2498
0.2525
0.2467
0.2407
0.2332
0.224
0.2188
0.214
0.2136
0.2058
0.2007
0.2005
0.1898
0.1887
0.1831
0.1745
0.1733
0.1626
0.164
0.16
0.1558
0.1555
0.1485
0.1443
0.1418
0.137
0.1275
0.1198
0.116
0.1173
0.1138
0.1077
0.1015
0.099
0.0955
0.09
0.0857
0.0864
0.0854
0.0829
0.0813
0.0792
0.0775
0.0722
0.0645
0.0575
0.0564
0.0552
0.0514