1.604
1.6219
1.6402
1.6734
1.7219
1.7535
1.7898
1.8258
1.8735
1.8908
1.9209
1.9498
1.9854
2.0106
2.0367
2.0576
2.093
2.1414
2.1707
2.2047
2.2434
2.2799
2.3126
2.3372
2.3558
2.3862
2.4083
2.4271
2.4514
2.474
2.4925
2.5002
2.5142
2.5269
2.5418
2.5643
2.5785
2.5731
2.5983
2.6034
2.622
2.6509
2.6727
2.6986
2.7009
2.7083
2.7097
2.7158
2.7171
2.7228
2.7337
2.7484
2.7575
2.7509
2.7555
2.7647
2.7841
2.7833
2.7827
2.795
2.7988
2.8042
2.8097
2.8295
2.8408
2.8566
2.8619
2.8633
2.8703
2.8451
2.8453
2.8465
2.8678
2.8745
2.8677
2.8556
2.8505
2.8518
2.8625
2.8548
2.8567
2.8458
2.844
2.8326
2.8315
2.8316
2.822
2.8171
2.8201
2.7991
2.7942
2.7736
2.7617
2.761
2.7539
2.7331
2.7276
2.7386
2.728
2.7116
2.7067
2.6945
2.6849
2.6575
2.6482
2.6383
2.6294
2.6223
2.6113
2.6061
2.5927
2.5848
2.5689
2.5636
2.5469
2.5308
2.5254
2.5082
2.4903
2.4749
2.4553
2.4498
2.4294
2.417
2.3982
2.3865
2.3728
2.3591
2.3564
2.3438
2.3333
2.3335
2.3128
2.2964
2.2757
2.2565
2.2463
2.244
2.2195
2.2047
2.2017
2.1971
2.1756
2.1577
2.1447
2.1339
2.1154
2.1013
2.0838
2.0758
2.0596
2.0438
2.0269
2.0164
2.006
2.0001
1.989
1.9772
1.9661
1.9524
1.9362
1.9272
1.9197
1.9112
1.8959
1.8836
1.8856
1.8784
1.8591
1.8547
1.847
1.8427
1.6995
1.7173
1.7363
1.7684
1.7231
1.6974
1.7187
1.7738
1.7808
1.7702
1.7667
1.7653
1.7767
1.7787
1.783
1.7933
1.7981
1.7909
1.7825
1.7864
1.795
1.7992
1.8064
1.8108
1.8157
1.816
1.8236
1.8329
1.8376
1.8295
1.8295
1.8387
1.8352
1.8358
1.8266
1.8232
1.82
1.8217
1.815
1.803
1.8035
1.8008
1.8015
1.8016
1.8107
1.8124
1.8086
1.7978
1.8005
1.7909
1.7897
1.797
1.7868
1.7818
1.7729
1.773
1.7744
1.7795
1.7674
1.7888
1.7756
1.7541
1.7359
1.71
1.726
1.7511
1.7479
1.7319
1.7293
1.7353
1.749
1.7541
1.7575
1.7582
1.7497
1.7395
1.7261
1.7294
1.7362
1.7241
1.7264
1.7284
1.7297
1.7204
1.7226
1.7226
1.7168
1.7172
1.7088
1.7106
1.7032
1.6947
1.6914
1.6914
1.6833
1.6842