1.528
1.5619
1.5947
1.6144
1.6375
1.6608
1.6677
1.6863
1.7027
1.7183
1.7291
1.7382
1.7665
1.7717
1.7886
1.793
1.8244
1.86
1.8893
1.9203
1.9462
1.9655
1.9959
1.9982
2.0074
2.0304
2.0491
2.0711
2.0913
2.1125
2.1352
2.1621
2.1779
2.1802
2.1729
2.1985
2.2026
2.1994
2.1982
2.2054
2.2172
2.2325
2.2521
2.255
2.2569
2.2608
2.2569
2.2715
2.264
2.262
2.2734
2.2757
2.282
2.2753
2.271
2.2807
2.2852
2.2837
2.2906
2.273
2.256
2.2459
2.2481
2.2206
2.1975
2.1855
2.183
2.1782
2.1701
2.1541
2.1459
2.1243
2.1097
2.087
2.0722
2.0616
2.0327
2.0018
1.9762
1.9488
1.9321
1.9074
1.9012
1.8738
1.8631
1.8421
1.8158
1.8018
1.7671
1.7381
1.7117
1.6884
1.6625
1.6346
1.6123
1.5794
1.553
1.5311
1.4994
1.4812
1.4502
1.4272
1.3929
1.3718
1.3408
1.3181
1.2898
1.2562
1.2386
1.2186
1.1977
1.1728
1.154
1.14
1.1134
1.0995
1.0788
1.0497
1.0286
1.0127
1.0051
0.9794
0.9579
0.9411
0.9196
0.908
0.8939
0.8862
0.8753
0.8649
0.8504
0.838
0.8313
0.818
0.8026
0.7907
0.7823
0.7754
0.7686
0.7585
0.7428
0.7321
0.7256
0.7094
0.6999
0.6816
0.6774
0.6656
0.6522
0.6393
0.6292
0.6129
0.6007
0.5859
0.5699
0.5573
0.5402
0.5255
0.5167
0.5089
0.4986
0.4944
0.4849
0.4722
0.4636
0.4567
0.4466
0.438
0.4219
0.4129
0.4055
0.3963
0.407
0.249
0.2458
0.2418
0.2399
0.2361
0.2406
0.2371
0.2311
0.2326
0.2307
0.232
0.2289
0.2241
0.2212
0.2177
0.2123
0.2103
0.2061
0.2026
0.1941
0.1925
0.1843
0.1781
0.1736
0.1667
0.164
0.1572
0.1522
0.1478
0.1451
0.1383
0.1315
0.1269
0.1207
0.1195
0.114
0.1116
0.1057
0.1019
0.0972
0.0914
0.0877
0.0867
0.0872
0.0832
0.0786
0.0741
0.07
0.0683
0.0628
0.0619
0.0593
0.0567
0.053
0.0519
0.0465
0.0458
0.0433
0.0421
0.0425
0.039
0.0338
0.0288
0.028
0.0242
0.0235
0.0204
0.0184
0.0126
0.0144
0.0127
0.0125
0.0124
0.0109
0.0102
0.0065
0.0052
0.0045
0.0017
0.0002
-0.0025
-0.0028
-0.0057
-0.006
-0.0045
-0.0086
-0.0094
-0.0125
-0.0106
-0.0111
-0.0138
-0.0168
-0.015
-0.0197
-0.0229
-0.0239